# Testing Hostname: Q0G-I3-J05.mira.i2b
# Processors: 32 MsgLen 64 Repeats: 100
# ProcName1:rank   ProcName2:rank   AvgCommTime(usecs) StdDev
Task 0 of 32 (0,0,0,0,0,0)  R03-M1-N00-J00 000  Task 0 of 32 (0,0,0,0,0,0)  R03-M1-N00-J00 000       0.00    0.00
Task 0 of 32 (0,0,0,0,0,0)  R03-M1-N00-J00 000  Task 1 of 32 (0,0,0,0,0,1)  R03-M1-N00-J00 001      20.95    0.38
Task 0 of 32 (0,0,0,0,0,0)  R03-M1-N00-J00 000  Task 2 of 32 (0,0,0,0,0,2)  R03-M1-N00-J00 002      19.65    0.16
Task 0 of 32 (0,0,0,0,0,0)  R03-M1-N00-J00 000  Task 3 of 32 (0,0,0,0,0,3)  R03-M1-N00-J00 003      19.60    0.15
Task 0 of 32 (0,0,0,0,0,0)  R03-M1-N00-J00 000  Task 4 of 32 (0,0,0,0,0,4)  R03-M1-N00-J00 004      19.28    0.16
Task 0 of 32 (0,0,0,0,0,0)  R03-M1-N00-J00 000  Task 5 of 32 (0,0,0,0,0,5)  R03-M1-N00-J00 005      19.75    0.15
Task 0 of 32 (0,0,0,0,0,0)  R03-M1-N00-J00 000  Task 6 of 32 (0,0,0,0,0,6)  R03-M1-N00-J00 006      19.69    0.15
Task 0 of 32 (0,0,0,0,0,0)  R03-M1-N00-J00 000  Task 7 of 32 (0,0,0,0,0,7)  R03-M1-N00-J00 007      19.47    0.15
Task 0 of 32 (0,0,0,0,0,0)  R03-M1-N00-J00 000  Task 8 of 32 (0,0,0,0,0,8)  R03-M1-N00-J00 008      19.60    0.16
Task 0 of 32 (0,0,0,0,0,0)  R03-M1-N00-J00 000  Task 9 of 32 (0,0,0,0,0,9)  R03-M1-N00-J00 009      19.54    0.15
Task 0 of 32 (0,0,0,0,0,0)  R03-M1-N00-J00 000  Task 10 of 32 (0,0,0,0,0,10)  R03-M1-N00-J00 010      19.48    0.16
Task 0 of 32 (0,0,0,0,0,0)  R03-M1-N00-J00 000  Task 11 of 32 (0,0,0,0,0,11)  R03-M1-N00-J00 011      19.62    0.15
Task 0 of 32 (0,0,0,0,0,0)  R03-M1-N00-J00 000  Task 12 of 32 (0,0,0,0,0,12)  R03-M1-N00-J00 012      19.63    0.15
Task 0 of 32 (0,0,0,0,0,0)  R03-M1-N00-J00 000  Task 13 of 32 (0,0,0,0,0,13)  R03-M1-N00-J00 013      19.52    0.15
Task 0 of 32 (0,0,0,0,0,0)  R03-M1-N00-J00 000  Task 14 of 32 (0,0,0,0,0,14)  R03-M1-N00-J00 014      19.55    0.15
Task 0 of 32 (0,0,0,0,0,0)  R03-M1-N00-J00 000  Task 15 of 32 (0,0,0,0,0,15)  R03-M1-N00-J00 015      19.27    0.15
Task 0 of 32 (0,0,0,0,0,0)  R03-M1-N00-J00 000  Task 16 of 32 (0,0,0,0,1,0)  R03-M1-N00-J07 016      20.05    0.34
Task 0 of 32 (0,0,0,0,0,0)  R03-M1-N00-J00 000  Task 17 of 32 (0,0,0,0,1,1)  R03-M1-N00-J07 017      18.54    0.15
Task 0 of 32 (0,0,0,0,0,0)  R03-M1-N00-J00 000  Task 18 of 32 (0,0,0,0,1,2)  R03-M1-N00-J07 018      18.20    0.14
Task 0 of 32 (0,0,0,0,0,0)  R03-M1-N00-J00 000  Task 19 of 32 (0,0,0,0,1,3)  R03-M1-N00-J07 019      18.40    0.14
Task 0 of 32 (0,0,0,0,0,0)  R03-M1-N00-J00 000  Task 20 of 32 (0,0,0,0,1,4)  R03-M1-N00-J07 020      18.25    0.14
Task 0 of 32 (0,0,0,0,0,0)  R03-M1-N00-J00 000  Task 21 of 32 (0,0,0,0,1,5)  R03-M1-N00-J07 021      18.35    0.14
Task 0 of 32 (0,0,0,0,0,0)  R03-M1-N00-J00 000  Task 22 of 32 (0,0,0,0,1,6)  R03-M1-N00-J07 022      18.30    0.14
Task 0 of 32 (0,0,0,0,0,0)  R03-M1-N00-J00 000  Task 23 of 32 (0,0,0,0,1,7)  R03-M1-N00-J07 023      18.42    0.14
Task 0 of 32 (0,0,0,0,0,0)  R03-M1-N00-J00 000  Task 24 of 32 (0,0,0,0,1,8)  R03-M1-N00-J07 024      18.24    0.13
Task 0 of 32 (0,0,0,0,0,0)  R03-M1-N00-J00 000  Task 25 of 32 (0,0,0,0,1,9)  R03-M1-N00-J07 025      18.40    0.14
Task 0 of 32 (0,0,0,0,0,0)  R03-M1-N00-J00 000  Task 26 of 32 (0,0,0,0,1,10)  R03-M1-N00-J07 026      18.13    0.13
Task 0 of 32 (0,0,0,0,0,0)  R03-M1-N00-J00 000  Task 27 of 32 (0,0,0,0,1,11)  R03-M1-N00-J07 027      18.36    0.14
Task 0 of 32 (0,0,0,0,0,0)  R03-M1-N00-J00 000  Task 28 of 32 (0,0,0,0,1,12)  R03-M1-N00-J07 028      18.20    0.14
Task 0 of 32 (0,0,0,0,0,0)  R03-M1-N00-J00 000  Task 29 of 32 (0,0,0,0,1,13)  R03-M1-N00-J07 029      18.47    0.13
Task 0 of 32 (0,0,0,0,0,0)  R03-M1-N00-J00 000  Task 30 of 32 (0,0,0,0,1,14)  R03-M1-N00-J07 030      18.14    0.14
Task 0 of 32 (0,0,0,0,0,0)  R03-M1-N00-J00 000  Task 31 of 32 (0,0,0,0,1,15)  R03-M1-N00-J07 031      18.38    0.13
Task 1 of 32 (0,0,0,0,0,1)  R03-M1-N00-J00 001  Task 1 of 32 (0,0,0,0,0,1)  R03-M1-N00-J00 001       0.00    0.00
Task 1 of 32 (0,0,0,0,0,1)  R03-M1-N00-J00 001  Task 2 of 32 (0,0,0,0,0,2)  R03-M1-N00-J00 002      17.90    0.03
Task 1 of 32 (0,0,0,0,0,1)  R03-M1-N00-J00 001  Task 3 of 32 (0,0,0,0,0,3)  R03-M1-N00-J00 003      17.58    0.03
Task 1 of 32 (0,0,0,0,0,1)  R03-M1-N00-J00 001  Task 4 of 32 (0,0,0,0,0,4)  R03-M1-N00-J00 004      17.46    0.02
Task 1 of 32 (0,0,0,0,0,1)  R03-M1-N00-J00 001  Task 5 of 32 (0,0,0,0,0,5)  R03-M1-N00-J00 005      17.63    0.02
Task 1 of 32 (0,0,0,0,0,1)  R03-M1-N00-J00 001  Task 6 of 32 (0,0,0,0,0,6)  R03-M1-N00-J00 006      17.67    0.02
Task 1 of 32 (0,0,0,0,0,1)  R03-M1-N00-J00 001  Task 7 of 32 (0,0,0,0,0,7)  R03-M1-N00-J00 007      17.63    0.03
Task 1 of 32 (0,0,0,0,0,1)  R03-M1-N00-J00 001  Task 8 of 32 (0,0,0,0,0,8)  R03-M1-N00-J00 008      17.71    0.03
Task 1 of 32 (0,0,0,0,0,1)  R03-M1-N00-J00 001  Task 9 of 32 (0,0,0,0,0,9)  R03-M1-N00-J00 009      17.65    0.03
Task 1 of 32 (0,0,0,0,0,1)  R03-M1-N00-J00 001  Task 10 of 32 (0,0,0,0,0,10)  R03-M1-N00-J00 010      17.67    0.03
Task 1 of 32 (0,0,0,0,0,1)  R03-M1-N00-J00 001  Task 11 of 32 (0,0,0,0,0,11)  R03-M1-N00-J00 011      17.66    0.03
Task 1 of 32 (0,0,0,0,0,1)  R03-M1-N00-J00 001  Task 12 of 32 (0,0,0,0,0,12)  R03-M1-N00-J00 012      17.68    0.02
Task 1 of 32 (0,0,0,0,0,1)  R03-M1-N00-J00 001  Task 13 of 32 (0,0,0,0,0,13)  R03-M1-N00-J00 013      17.73    0.03
Task 1 of 32 (0,0,0,0,0,1)  R03-M1-N00-J00 001  Task 14 of 32 (0,0,0,0,0,14)  R03-M1-N00-J00 014      17.75    0.03
Task 1 of 32 (0,0,0,0,0,1)  R03-M1-N00-J00 001  Task 15 of 32 (0,0,0,0,0,15)  R03-M1-N00-J00 015      17.67    0.03
Task 1 of 32 (0,0,0,0,0,1)  R03-M1-N00-J00 001  Task 16 of 32 (0,0,0,0,1,0)  R03-M1-N00-J07 016      18.84    0.12
Task 1 of 32 (0,0,0,0,0,1)  R03-M1-N00-J00 001  Task 17 of 32 (0,0,0,0,1,1)  R03-M1-N00-J07 017      17.50    0.03
Task 1 of 32 (0,0,0,0,0,1)  R03-M1-N00-J00 001  Task 18 of 32 (0,0,0,0,1,2)  R03-M1-N00-J07 018      17.36    0.03
Task 1 of 32 (0,0,0,0,0,1)  R03-M1-N00-J00 001  Task 19 of 32 (0,0,0,0,1,3)  R03-M1-N00-J07 019      17.47    0.03
Task 1 of 32 (0,0,0,0,0,1)  R03-M1-N00-J00 001  Task 20 of 32 (0,0,0,0,1,4)  R03-M1-N00-J07 020      17.36    0.03
Task 1 of 32 (0,0,0,0,0,1)  R03-M1-N00-J00 001  Task 21 of 32 (0,0,0,0,1,5)  R03-M1-N00-J07 021      17.61    0.04
Task 1 of 32 (0,0,0,0,0,1)  R03-M1-N00-J00 001  Task 22 of 32 (0,0,0,0,1,6)  R03-M1-N00-J07 022      17.32    0.03
Task 1 of 32 (0,0,0,0,0,1)  R03-M1-N00-J00 001  Task 23 of 32 (0,0,0,0,1,7)  R03-M1-N00-J07 023      17.46    0.03
Task 1 of 32 (0,0,0,0,0,1)  R03-M1-N00-J00 001  Task 24 of 32 (0,0,0,0,1,8)  R03-M1-N00-J07 024      17.37    0.03
Task 1 of 32 (0,0,0,0,0,1)  R03-M1-N00-J00 001  Task 25 of 32 (0,0,0,0,1,9)  R03-M1-N00-J07 025      17.53    0.03
Task 1 of 32 (0,0,0,0,0,1)  R03-M1-N00-J00 001  Task 26 of 32 (0,0,0,0,1,10)  R03-M1-N00-J07 026      17.37    0.03
Task 1 of 32 (0,0,0,0,0,1)  R03-M1-N00-J00 001  Task 27 of 32 (0,0,0,0,1,11)  R03-M1-N00-J07 027      17.64    0.04
Task 1 of 32 (0,0,0,0,0,1)  R03-M1-N00-J00 001  Task 28 of 32 (0,0,0,0,1,12)  R03-M1-N00-J07 028      17.44    0.03
Task 1 of 32 (0,0,0,0,0,1)  R03-M1-N00-J00 001  Task 29 of 32 (0,0,0,0,1,13)  R03-M1-N00-J07 029      17.35    0.04
Task 1 of 32 (0,0,0,0,0,1)  R03-M1-N00-J00 001  Task 30 of 32 (0,0,0,0,1,14)  R03-M1-N00-J07 030      17.26    0.03
Task 1 of 32 (0,0,0,0,0,1)  R03-M1-N00-J00 001  Task 31 of 32 (0,0,0,0,1,15)  R03-M1-N00-J07 031      17.36    0.03
Task 2 of 32 (0,0,0,0,0,2)  R03-M1-N00-J00 002  Task 2 of 32 (0,0,0,0,0,2)  R03-M1-N00-J00 002       0.00    0.00
Task 2 of 32 (0,0,0,0,0,2)  R03-M1-N00-J00 002  Task 3 of 32 (0,0,0,0,0,3)  R03-M1-N00-J00 003      17.69    0.03
Task 2 of 32 (0,0,0,0,0,2)  R03-M1-N00-J00 002  Task 4 of 32 (0,0,0,0,0,4)  R03-M1-N00-J00 004      17.51    0.02
Task 2 of 32 (0,0,0,0,0,2)  R03-M1-N00-J00 002  Task 5 of 32 (0,0,0,0,0,5)  R03-M1-N00-J00 005      17.54    0.03
Task 2 of 32 (0,0,0,0,0,2)  R03-M1-N00-J00 002  Task 6 of 32 (0,0,0,0,0,6)  R03-M1-N00-J00 006      17.63    0.03
Task 2 of 32 (0,0,0,0,0,2)  R03-M1-N00-J00 002  Task 7 of 32 (0,0,0,0,0,7)  R03-M1-N00-J00 007      17.53    0.03
Task 2 of 32 (0,0,0,0,0,2)  R03-M1-N00-J00 002  Task 8 of 32 (0,0,0,0,0,8)  R03-M1-N00-J00 008      17.78    0.03
Task 2 of 32 (0,0,0,0,0,2)  R03-M1-N00-J00 002  Task 9 of 32 (0,0,0,0,0,9)  R03-M1-N00-J00 009      17.51    0.03
Task 2 of 32 (0,0,0,0,0,2)  R03-M1-N00-J00 002  Task 10 of 32 (0,0,0,0,0,10)  R03-M1-N00-J00 010      17.50    0.02
Task 2 of 32 (0,0,0,0,0,2)  R03-M1-N00-J00 002  Task 11 of 32 (0,0,0,0,0,11)  R03-M1-N00-J00 011      17.52    0.02
Task 2 of 32 (0,0,0,0,0,2)  R03-M1-N00-J00 002  Task 12 of 32 (0,0,0,0,0,12)  R03-M1-N00-J00 012      17.69    0.03
Task 2 of 32 (0,0,0,0,0,2)  R03-M1-N00-J00 002  Task 13 of 32 (0,0,0,0,0,13)  R03-M1-N00-J00 013      17.54    0.02
Task 2 of 32 (0,0,0,0,0,2)  R03-M1-N00-J00 002  Task 14 of 32 (0,0,0,0,0,14)  R03-M1-N00-J00 014      17.58    0.02
Task 2 of 32 (0,0,0,0,0,2)  R03-M1-N00-J00 002  Task 15 of 32 (0,0,0,0,0,15)  R03-M1-N00-J00 015      17.56    0.03
Task 2 of 32 (0,0,0,0,0,2)  R03-M1-N00-J00 002  Task 16 of 32 (0,0,0,0,1,0)  R03-M1-N00-J07 016      18.72    0.12
Task 2 of 32 (0,0,0,0,0,2)  R03-M1-N00-J00 002  Task 17 of 32 (0,0,0,0,1,1)  R03-M1-N00-J07 017      17.43    0.03
Task 2 of 32 (0,0,0,0,0,2)  R03-M1-N00-J00 002  Task 18 of 32 (0,0,0,0,1,2)  R03-M1-N00-J07 018      17.17    0.03
Task 2 of 32 (0,0,0,0,0,2)  R03-M1-N00-J00 002  Task 19 of 32 (0,0,0,0,1,3)  R03-M1-N00-J07 019      17.35    0.03
Task 2 of 32 (0,0,0,0,0,2)  R03-M1-N00-J00 002  Task 20 of 32 (0,0,0,0,1,4)  R03-M1-N00-J07 020      17.21    0.03
Task 2 of 32 (0,0,0,0,0,2)  R03-M1-N00-J00 002  Task 21 of 32 (0,0,0,0,1,5)  R03-M1-N00-J07 021      17.50    0.04
Task 2 of 32 (0,0,0,0,0,2)  R03-M1-N00-J00 002  Task 22 of 32 (0,0,0,0,1,6)  R03-M1-N00-J07 022      17.12    0.03
Task 2 of 32 (0,0,0,0,0,2)  R03-M1-N00-J00 002  Task 23 of 32 (0,0,0,0,1,7)  R03-M1-N00-J07 023      17.41    0.03
Task 2 of 32 (0,0,0,0,0,2)  R03-M1-N00-J00 002  Task 24 of 32 (0,0,0,0,1,8)  R03-M1-N00-J07 024      17.22    0.03
Task 2 of 32 (0,0,0,0,0,2)  R03-M1-N00-J00 002  Task 25 of 32 (0,0,0,0,1,9)  R03-M1-N00-J07 025      17.42    0.04
Task 2 of 32 (0,0,0,0,0,2)  R03-M1-N00-J00 002  Task 26 of 32 (0,0,0,0,1,10)  R03-M1-N00-J07 026      17.09    0.03
Task 2 of 32 (0,0,0,0,0,2)  R03-M1-N00-J00 002  Task 27 of 32 (0,0,0,0,1,11)  R03-M1-N00-J07 027      17.40    0.03
Task 2 of 32 (0,0,0,0,0,2)  R03-M1-N00-J00 002  Task 28 of 32 (0,0,0,0,1,12)  R03-M1-N00-J07 028      17.22    0.03
Task 2 of 32 (0,0,0,0,0,2)  R03-M1-N00-J00 002  Task 29 of 32 (0,0,0,0,1,13)  R03-M1-N00-J07 029      17.24    0.03
Task 2 of 32 (0,0,0,0,0,2)  R03-M1-N00-J00 002  Task 30 of 32 (0,0,0,0,1,14)  R03-M1-N00-J07 030      17.06    0.03
Task 2 of 32 (0,0,0,0,0,2)  R03-M1-N00-J00 002  Task 31 of 32 (0,0,0,0,1,15)  R03-M1-N00-J07 031      17.37    0.03
Task 3 of 32 (0,0,0,0,0,3)  R03-M1-N00-J00 003  Task 3 of 32 (0,0,0,0,0,3)  R03-M1-N00-J00 003       0.00    0.00
Task 3 of 32 (0,0,0,0,0,3)  R03-M1-N00-J00 003  Task 4 of 32 (0,0,0,0,0,4)  R03-M1-N00-J00 004      17.65    0.02
Task 3 of 32 (0,0,0,0,0,3)  R03-M1-N00-J00 003  Task 5 of 32 (0,0,0,0,0,5)  R03-M1-N00-J00 005      17.64    0.03
Task 3 of 32 (0,0,0,0,0,3)  R03-M1-N00-J00 003  Task 6 of 32 (0,0,0,0,0,6)  R03-M1-N00-J00 006      17.49    0.03
Task 3 of 32 (0,0,0,0,0,3)  R03-M1-N00-J00 003  Task 7 of 32 (0,0,0,0,0,7)  R03-M1-N00-J00 007      17.44    0.03
Task 3 of 32 (0,0,0,0,0,3)  R03-M1-N00-J00 003  Task 8 of 32 (0,0,0,0,0,8)  R03-M1-N00-J00 008      17.66    0.03
Task 3 of 32 (0,0,0,0,0,3)  R03-M1-N00-J00 003  Task 9 of 32 (0,0,0,0,0,9)  R03-M1-N00-J00 009      17.36    0.03
Task 3 of 32 (0,0,0,0,0,3)  R03-M1-N00-J00 003  Task 10 of 32 (0,0,0,0,0,10)  R03-M1-N00-J00 010      17.47    0.03
Task 3 of 32 (0,0,0,0,0,3)  R03-M1-N00-J00 003  Task 11 of 32 (0,0,0,0,0,11)  R03-M1-N00-J00 011      17.45    0.03
Task 3 of 32 (0,0,0,0,0,3)  R03-M1-N00-J00 003  Task 12 of 32 (0,0,0,0,0,12)  R03-M1-N00-J00 012      17.62    0.03
Task 3 of 32 (0,0,0,0,0,3)  R03-M1-N00-J00 003  Task 13 of 32 (0,0,0,0,0,13)  R03-M1-N00-J00 013      17.49    0.03
Task 3 of 32 (0,0,0,0,0,3)  R03-M1-N00-J00 003  Task 14 of 32 (0,0,0,0,0,14)  R03-M1-N00-J00 014      17.45    0.02
Task 3 of 32 (0,0,0,0,0,3)  R03-M1-N00-J00 003  Task 15 of 32 (0,0,0,0,0,15)  R03-M1-N00-J00 015      17.50    0.03
Task 3 of 32 (0,0,0,0,0,3)  R03-M1-N00-J00 003  Task 16 of 32 (0,0,0,0,1,0)  R03-M1-N00-J07 016      18.69    0.12
Task 3 of 32 (0,0,0,0,0,3)  R03-M1-N00-J00 003  Task 17 of 32 (0,0,0,0,1,1)  R03-M1-N00-J07 017      17.43    0.03
Task 3 of 32 (0,0,0,0,0,3)  R03-M1-N00-J00 003  Task 18 of 32 (0,0,0,0,1,2)  R03-M1-N00-J07 018      17.27    0.03
Task 3 of 32 (0,0,0,0,0,3)  R03-M1-N00-J00 003  Task 19 of 32 (0,0,0,0,1,3)  R03-M1-N00-J07 019      17.30    0.03
Task 3 of 32 (0,0,0,0,0,3)  R03-M1-N00-J00 003  Task 20 of 32 (0,0,0,0,1,4)  R03-M1-N00-J07 020      17.28    0.03
Task 3 of 32 (0,0,0,0,0,3)  R03-M1-N00-J00 003  Task 21 of 32 (0,0,0,0,1,5)  R03-M1-N00-J07 021      17.52    0.03
Task 3 of 32 (0,0,0,0,0,3)  R03-M1-N00-J00 003  Task 22 of 32 (0,0,0,0,1,6)  R03-M1-N00-J07 022      17.25    0.03
Task 3 of 32 (0,0,0,0,0,3)  R03-M1-N00-J00 003  Task 23 of 32 (0,0,0,0,1,7)  R03-M1-N00-J07 023      17.34    0.03
Task 3 of 32 (0,0,0,0,0,3)  R03-M1-N00-J00 003  Task 24 of 32 (0,0,0,0,1,8)  R03-M1-N00-J07 024      17.39    0.04
Task 3 of 32 (0,0,0,0,0,3)  R03-M1-N00-J00 003  Task 25 of 32 (0,0,0,0,1,9)  R03-M1-N00-J07 025      17.52    0.03
Task 3 of 32 (0,0,0,0,0,3)  R03-M1-N00-J00 003  Task 26 of 32 (0,0,0,0,1,10)  R03-M1-N00-J07 026      17.24    0.03
Task 3 of 32 (0,0,0,0,0,3)  R03-M1-N00-J00 003  Task 27 of 32 (0,0,0,0,1,11)  R03-M1-N00-J07 027      17.43    0.03
Task 3 of 32 (0,0,0,0,0,3)  R03-M1-N00-J00 003  Task 28 of 32 (0,0,0,0,1,12)  R03-M1-N00-J07 028      17.34    0.03
Task 3 of 32 (0,0,0,0,0,3)  R03-M1-N00-J00 003  Task 29 of 32 (0,0,0,0,1,13)  R03-M1-N00-J07 029      17.37    0.03
Task 3 of 32 (0,0,0,0,0,3)  R03-M1-N00-J00 003  Task 30 of 32 (0,0,0,0,1,14)  R03-M1-N00-J07 030      17.22    0.03
Task 3 of 32 (0,0,0,0,0,3)  R03-M1-N00-J00 003  Task 31 of 32 (0,0,0,0,1,15)  R03-M1-N00-J07 031      17.29    0.03
Task 4 of 32 (0,0,0,0,0,4)  R03-M1-N00-J00 004  Task 4 of 32 (0,0,0,0,0,4)  R03-M1-N00-J00 004       0.00    0.00
Task 4 of 32 (0,0,0,0,0,4)  R03-M1-N00-J00 004  Task 5 of 32 (0,0,0,0,0,5)  R03-M1-N00-J00 005      17.52    0.03
Task 4 of 32 (0,0,0,0,0,4)  R03-M1-N00-J00 004  Task 6 of 32 (0,0,0,0,0,6)  R03-M1-N00-J00 006      17.70    0.03
Task 4 of 32 (0,0,0,0,0,4)  R03-M1-N00-J00 004  Task 7 of 32 (0,0,0,0,0,7)  R03-M1-N00-J00 007      17.57    0.03
Task 4 of 32 (0,0,0,0,0,4)  R03-M1-N00-J00 004  Task 8 of 32 (0,0,0,0,0,8)  R03-M1-N00-J00 008      17.56    0.03
Task 4 of 32 (0,0,0,0,0,4)  R03-M1-N00-J00 004  Task 9 of 32 (0,0,0,0,0,9)  R03-M1-N00-J00 009      17.47    0.03
Task 4 of 32 (0,0,0,0,0,4)  R03-M1-N00-J00 004  Task 10 of 32 (0,0,0,0,0,10)  R03-M1-N00-J00 010      17.53    0.03
Task 4 of 32 (0,0,0,0,0,4)  R03-M1-N00-J00 004  Task 11 of 32 (0,0,0,0,0,11)  R03-M1-N00-J00 011      17.53    0.03
Task 4 of 32 (0,0,0,0,0,4)  R03-M1-N00-J00 004  Task 12 of 32 (0,0,0,0,0,12)  R03-M1-N00-J00 012      17.58    0.03
Task 4 of 32 (0,0,0,0,0,4)  R03-M1-N00-J00 004  Task 13 of 32 (0,0,0,0,0,13)  R03-M1-N00-J00 013      17.46    0.03
Task 4 of 32 (0,0,0,0,0,4)  R03-M1-N00-J00 004  Task 14 of 32 (0,0,0,0,0,14)  R03-M1-N00-J00 014      17.58    0.03
Task 4 of 32 (0,0,0,0,0,4)  R03-M1-N00-J00 004  Task 15 of 32 (0,0,0,0,0,15)  R03-M1-N00-J00 015      17.49    0.02
Task 4 of 32 (0,0,0,0,0,4)  R03-M1-N00-J00 004  Task 16 of 32 (0,0,0,0,1,0)  R03-M1-N00-J07 016      18.76    0.11
Task 4 of 32 (0,0,0,0,0,4)  R03-M1-N00-J00 004  Task 17 of 32 (0,0,0,0,1,1)  R03-M1-N00-J07 017      17.41    0.03
Task 4 of 32 (0,0,0,0,0,4)  R03-M1-N00-J00 004  Task 18 of 32 (0,0,0,0,1,2)  R03-M1-N00-J07 018      17.17    0.03
Task 4 of 32 (0,0,0,0,0,4)  R03-M1-N00-J00 004  Task 19 of 32 (0,0,0,0,1,3)  R03-M1-N00-J07 019      17.32    0.03
Task 4 of 32 (0,0,0,0,0,4)  R03-M1-N00-J00 004  Task 20 of 32 (0,0,0,0,1,4)  R03-M1-N00-J07 020      17.22    0.03
Task 4 of 32 (0,0,0,0,0,4)  R03-M1-N00-J00 004  Task 21 of 32 (0,0,0,0,1,5)  R03-M1-N00-J07 021      17.32    0.03
Task 4 of 32 (0,0,0,0,0,4)  R03-M1-N00-J00 004  Task 22 of 32 (0,0,0,0,1,6)  R03-M1-N00-J07 022      17.13    0.03
Task 4 of 32 (0,0,0,0,0,4)  R03-M1-N00-J00 004  Task 23 of 32 (0,0,0,0,1,7)  R03-M1-N00-J07 023      17.33    0.03
Task 4 of 32 (0,0,0,0,0,4)  R03-M1-N00-J00 004  Task 24 of 32 (0,0,0,0,1,8)  R03-M1-N00-J07 024      17.27    0.03
Task 4 of 32 (0,0,0,0,0,4)  R03-M1-N00-J00 004  Task 25 of 32 (0,0,0,0,1,9)  R03-M1-N00-J07 025      17.49    0.04
Task 4 of 32 (0,0,0,0,0,4)  R03-M1-N00-J00 004  Task 26 of 32 (0,0,0,0,1,10)  R03-M1-N00-J07 026      17.17    0.03
Task 4 of 32 (0,0,0,0,0,4)  R03-M1-N00-J00 004  Task 27 of 32 (0,0,0,0,1,11)  R03-M1-N00-J07 027      17.35    0.03
Task 4 of 32 (0,0,0,0,0,4)  R03-M1-N00-J00 004  Task 28 of 32 (0,0,0,0,1,12)  R03-M1-N00-J07 028      17.26    0.03
Task 4 of 32 (0,0,0,0,0,4)  R03-M1-N00-J00 004  Task 29 of 32 (0,0,0,0,1,13)  R03-M1-N00-J07 029      17.37    0.03
Task 4 of 32 (0,0,0,0,0,4)  R03-M1-N00-J00 004  Task 30 of 32 (0,0,0,0,1,14)  R03-M1-N00-J07 030      17.18    0.03
Task 4 of 32 (0,0,0,0,0,4)  R03-M1-N00-J00 004  Task 31 of 32 (0,0,0,0,1,15)  R03-M1-N00-J07 031      17.47    0.03
Task 5 of 32 (0,0,0,0,0,5)  R03-M1-N00-J00 005  Task 5 of 32 (0,0,0,0,0,5)  R03-M1-N00-J00 005       0.00    0.00
Task 5 of 32 (0,0,0,0,0,5)  R03-M1-N00-J00 005  Task 6 of 32 (0,0,0,0,0,6)  R03-M1-N00-J00 006      17.70    0.03
Task 5 of 32 (0,0,0,0,0,5)  R03-M1-N00-J00 005  Task 7 of 32 (0,0,0,0,0,7)  R03-M1-N00-J00 007      17.49    0.02
Task 5 of 32 (0,0,0,0,0,5)  R03-M1-N00-J00 005  Task 8 of 32 (0,0,0,0,0,8)  R03-M1-N00-J00 008      17.68    0.03
Task 5 of 32 (0,0,0,0,0,5)  R03-M1-N00-J00 005  Task 9 of 32 (0,0,0,0,0,9)  R03-M1-N00-J00 009      17.37    0.02
Task 5 of 32 (0,0,0,0,0,5)  R03-M1-N00-J00 005  Task 10 of 32 (0,0,0,0,0,10)  R03-M1-N00-J00 010      17.46    0.02
Task 5 of 32 (0,0,0,0,0,5)  R03-M1-N00-J00 005  Task 11 of 32 (0,0,0,0,0,11)  R03-M1-N00-J00 011      17.40    0.02
Task 5 of 32 (0,0,0,0,0,5)  R03-M1-N00-J00 005  Task 12 of 32 (0,0,0,0,0,12)  R03-M1-N00-J00 012      17.55    0.03
Task 5 of 32 (0,0,0,0,0,5)  R03-M1-N00-J00 005  Task 13 of 32 (0,0,0,0,0,13)  R03-M1-N00-J00 013      17.40    0.02
Task 5 of 32 (0,0,0,0,0,5)  R03-M1-N00-J00 005  Task 14 of 32 (0,0,0,0,0,14)  R03-M1-N00-J00 014      17.38    0.02
Task 5 of 32 (0,0,0,0,0,5)  R03-M1-N00-J00 005  Task 15 of 32 (0,0,0,0,0,15)  R03-M1-N00-J00 015      17.35    0.03
Task 5 of 32 (0,0,0,0,0,5)  R03-M1-N00-J00 005  Task 16 of 32 (0,0,0,0,1,0)  R03-M1-N00-J07 016      18.72    0.12
Task 5 of 32 (0,0,0,0,0,5)  R03-M1-N00-J00 005  Task 17 of 32 (0,0,0,0,1,1)  R03-M1-N00-J07 017      17.36    0.03
Task 5 of 32 (0,0,0,0,0,5)  R03-M1-N00-J00 005  Task 18 of 32 (0,0,0,0,1,2)  R03-M1-N00-J07 018      17.24    0.03
Task 5 of 32 (0,0,0,0,0,5)  R03-M1-N00-J00 005  Task 19 of 32 (0,0,0,0,1,3)  R03-M1-N00-J07 019      17.25    0.03
Task 5 of 32 (0,0,0,0,0,5)  R03-M1-N00-J00 005  Task 20 of 32 (0,0,0,0,1,4)  R03-M1-N00-J07 020      17.27    0.03
Task 5 of 32 (0,0,0,0,0,5)  R03-M1-N00-J00 005  Task 21 of 32 (0,0,0,0,1,5)  R03-M1-N00-J07 021      17.45    0.03
Task 5 of 32 (0,0,0,0,0,5)  R03-M1-N00-J00 005  Task 22 of 32 (0,0,0,0,1,6)  R03-M1-N00-J07 022      17.24    0.03
Task 5 of 32 (0,0,0,0,0,5)  R03-M1-N00-J00 005  Task 23 of 32 (0,0,0,0,1,7)  R03-M1-N00-J07 023      17.32    0.03
Task 5 of 32 (0,0,0,0,0,5)  R03-M1-N00-J00 005  Task 24 of 32 (0,0,0,0,1,8)  R03-M1-N00-J07 024      17.29    0.03
Task 5 of 32 (0,0,0,0,0,5)  R03-M1-N00-J00 005  Task 25 of 32 (0,0,0,0,1,9)  R03-M1-N00-J07 025      17.40    0.03
Task 5 of 32 (0,0,0,0,0,5)  R03-M1-N00-J00 005  Task 26 of 32 (0,0,0,0,1,10)  R03-M1-N00-J07 026      17.20    0.03
Task 5 of 32 (0,0,0,0,0,5)  R03-M1-N00-J00 005  Task 27 of 32 (0,0,0,0,1,11)  R03-M1-N00-J07 027      17.42    0.03
Task 5 of 32 (0,0,0,0,0,5)  R03-M1-N00-J00 005  Task 28 of 32 (0,0,0,0,1,12)  R03-M1-N00-J07 028      17.35    0.03
Task 5 of 32 (0,0,0,0,0,5)  R03-M1-N00-J00 005  Task 29 of 32 (0,0,0,0,1,13)  R03-M1-N00-J07 029      17.30    0.04
Task 5 of 32 (0,0,0,0,0,5)  R03-M1-N00-J00 005  Task 30 of 32 (0,0,0,0,1,14)  R03-M1-N00-J07 030      17.14    0.03
Task 5 of 32 (0,0,0,0,0,5)  R03-M1-N00-J00 005  Task 31 of 32 (0,0,0,0,1,15)  R03-M1-N00-J07 031      17.33    0.04
Task 6 of 32 (0,0,0,0,0,6)  R03-M1-N00-J00 006  Task 6 of 32 (0,0,0,0,0,6)  R03-M1-N00-J00 006       0.00    0.00
Task 6 of 32 (0,0,0,0,0,6)  R03-M1-N00-J00 006  Task 7 of 32 (0,0,0,0,0,7)  R03-M1-N00-J00 007      17.78    0.02
Task 6 of 32 (0,0,0,0,0,6)  R03-M1-N00-J00 006  Task 8 of 32 (0,0,0,0,0,8)  R03-M1-N00-J00 008      17.69    0.03
Task 6 of 32 (0,0,0,0,0,6)  R03-M1-N00-J00 006  Task 9 of 32 (0,0,0,0,0,9)  R03-M1-N00-J00 009      17.46    0.03
Task 6 of 32 (0,0,0,0,0,6)  R03-M1-N00-J00 006  Task 10 of 32 (0,0,0,0,0,10)  R03-M1-N00-J00 010      17.49    0.03
Task 6 of 32 (0,0,0,0,0,6)  R03-M1-N00-J00 006  Task 11 of 32 (0,0,0,0,0,11)  R03-M1-N00-J00 011      17.55    0.03
Task 6 of 32 (0,0,0,0,0,6)  R03-M1-N00-J00 006  Task 12 of 32 (0,0,0,0,0,12)  R03-M1-N00-J00 012      17.69    0.03
Task 6 of 32 (0,0,0,0,0,6)  R03-M1-N00-J00 006  Task 13 of 32 (0,0,0,0,0,13)  R03-M1-N00-J00 013      17.51    0.03
Task 6 of 32 (0,0,0,0,0,6)  R03-M1-N00-J00 006  Task 14 of 32 (0,0,0,0,0,14)  R03-M1-N00-J00 014      17.53    0.02
Task 6 of 32 (0,0,0,0,0,6)  R03-M1-N00-J00 006  Task 15 of 32 (0,0,0,0,0,15)  R03-M1-N00-J00 015      17.54    0.03
Task 6 of 32 (0,0,0,0,0,6)  R03-M1-N00-J00 006  Task 16 of 32 (0,0,0,0,1,0)  R03-M1-N00-J07 016      18.64    0.11
Task 6 of 32 (0,0,0,0,0,6)  R03-M1-N00-J00 006  Task 17 of 32 (0,0,0,0,1,1)  R03-M1-N00-J07 017      17.43    0.03
Task 6 of 32 (0,0,0,0,0,6)  R03-M1-N00-J00 006  Task 18 of 32 (0,0,0,0,1,2)  R03-M1-N00-J07 018      17.16    0.03
Task 6 of 32 (0,0,0,0,0,6)  R03-M1-N00-J00 006  Task 19 of 32 (0,0,0,0,1,3)  R03-M1-N00-J07 019      17.31    0.03
Task 6 of 32 (0,0,0,0,0,6)  R03-M1-N00-J00 006  Task 20 of 32 (0,0,0,0,1,4)  R03-M1-N00-J07 020      17.15    0.03
Task 6 of 32 (0,0,0,0,0,6)  R03-M1-N00-J00 006  Task 21 of 32 (0,0,0,0,1,5)  R03-M1-N00-J07 021      17.45    0.03
Task 6 of 32 (0,0,0,0,0,6)  R03-M1-N00-J00 006  Task 22 of 32 (0,0,0,0,1,6)  R03-M1-N00-J07 022      17.07    0.03
Task 6 of 32 (0,0,0,0,0,6)  R03-M1-N00-J00 006  Task 23 of 32 (0,0,0,0,1,7)  R03-M1-N00-J07 023      17.33    0.03
Task 6 of 32 (0,0,0,0,0,6)  R03-M1-N00-J00 006  Task 24 of 32 (0,0,0,0,1,8)  R03-M1-N00-J07 024      17.20    0.03
Task 6 of 32 (0,0,0,0,0,6)  R03-M1-N00-J00 006  Task 25 of 32 (0,0,0,0,1,9)  R03-M1-N00-J07 025      17.37    0.03
Task 6 of 32 (0,0,0,0,0,6)  R03-M1-N00-J00 006  Task 26 of 32 (0,0,0,0,1,10)  R03-M1-N00-J07 026      17.09    0.03
Task 6 of 32 (0,0,0,0,0,6)  R03-M1-N00-J00 006  Task 27 of 32 (0,0,0,0,1,11)  R03-M1-N00-J07 027      17.44    0.03
Task 6 of 32 (0,0,0,0,0,6)  R03-M1-N00-J00 006  Task 28 of 32 (0,0,0,0,1,12)  R03-M1-N00-J07 028      17.23    0.03
Task 6 of 32 (0,0,0,0,0,6)  R03-M1-N00-J00 006  Task 29 of 32 (0,0,0,0,1,13)  R03-M1-N00-J07 029      17.23    0.03
Task 6 of 32 (0,0,0,0,0,6)  R03-M1-N00-J00 006  Task 30 of 32 (0,0,0,0,1,14)  R03-M1-N00-J07 030      17.01    0.03
Task 6 of 32 (0,0,0,0,0,6)  R03-M1-N00-J00 006  Task 31 of 32 (0,0,0,0,1,15)  R03-M1-N00-J07 031      17.31    0.03
Task 7 of 32 (0,0,0,0,0,7)  R03-M1-N00-J00 007  Task 7 of 32 (0,0,0,0,0,7)  R03-M1-N00-J00 007       0.00    0.00
Task 7 of 32 (0,0,0,0,0,7)  R03-M1-N00-J00 007  Task 8 of 32 (0,0,0,0,0,8)  R03-M1-N00-J00 008      17.92    0.02
Task 7 of 32 (0,0,0,0,0,7)  R03-M1-N00-J00 007  Task 9 of 32 (0,0,0,0,0,9)  R03-M1-N00-J00 009      17.77    0.03
Task 7 of 32 (0,0,0,0,0,7)  R03-M1-N00-J00 007  Task 10 of 32 (0,0,0,0,0,10)  R03-M1-N00-J00 010      17.51    0.02
Task 7 of 32 (0,0,0,0,0,7)  R03-M1-N00-J00 007  Task 11 of 32 (0,0,0,0,0,11)  R03-M1-N00-J00 011      17.55    0.02
Task 7 of 32 (0,0,0,0,0,7)  R03-M1-N00-J00 007  Task 12 of 32 (0,0,0,0,0,12)  R03-M1-N00-J00 012      17.76    0.03
Task 7 of 32 (0,0,0,0,0,7)  R03-M1-N00-J00 007  Task 13 of 32 (0,0,0,0,0,13)  R03-M1-N00-J00 013      17.55    0.02
Task 7 of 32 (0,0,0,0,0,7)  R03-M1-N00-J00 007  Task 14 of 32 (0,0,0,0,0,14)  R03-M1-N00-J00 014      17.62    0.03
Task 7 of 32 (0,0,0,0,0,7)  R03-M1-N00-J00 007  Task 15 of 32 (0,0,0,0,0,15)  R03-M1-N00-J00 015      17.50    0.03
Task 7 of 32 (0,0,0,0,0,7)  R03-M1-N00-J00 007  Task 16 of 32 (0,0,0,0,1,0)  R03-M1-N00-J07 016      18.76    0.12
Task 7 of 32 (0,0,0,0,0,7)  R03-M1-N00-J00 007  Task 17 of 32 (0,0,0,0,1,1)  R03-M1-N00-J07 017      17.35    0.03
Task 7 of 32 (0,0,0,0,0,7)  R03-M1-N00-J00 007  Task 18 of 32 (0,0,0,0,1,2)  R03-M1-N00-J07 018      17.19    0.03
Task 7 of 32 (0,0,0,0,0,7)  R03-M1-N00-J00 007  Task 19 of 32 (0,0,0,0,1,3)  R03-M1-N00-J07 019      17.27    0.03
Task 7 of 32 (0,0,0,0,0,7)  R03-M1-N00-J00 007  Task 20 of 32 (0,0,0,0,1,4)  R03-M1-N00-J07 020      17.25    0.03
Task 7 of 32 (0,0,0,0,0,7)  R03-M1-N00-J00 007  Task 21 of 32 (0,0,0,0,1,5)  R03-M1-N00-J07 021      17.41    0.03
Task 7 of 32 (0,0,0,0,0,7)  R03-M1-N00-J00 007  Task 22 of 32 (0,0,0,0,1,6)  R03-M1-N00-J07 022      17.21    0.03
Task 7 of 32 (0,0,0,0,0,7)  R03-M1-N00-J00 007  Task 23 of 32 (0,0,0,0,1,7)  R03-M1-N00-J07 023      17.32    0.03
Task 7 of 32 (0,0,0,0,0,7)  R03-M1-N00-J00 007  Task 24 of 32 (0,0,0,0,1,8)  R03-M1-N00-J07 024      17.31    0.03
Task 7 of 32 (0,0,0,0,0,7)  R03-M1-N00-J00 007  Task 25 of 32 (0,0,0,0,1,9)  R03-M1-N00-J07 025      17.38    0.03
Task 7 of 32 (0,0,0,0,0,7)  R03-M1-N00-J00 007  Task 26 of 32 (0,0,0,0,1,10)  R03-M1-N00-J07 026      17.16    0.03
Task 7 of 32 (0,0,0,0,0,7)  R03-M1-N00-J00 007  Task 27 of 32 (0,0,0,0,1,11)  R03-M1-N00-J07 027      17.42    0.03
Task 7 of 32 (0,0,0,0,0,7)  R03-M1-N00-J00 007  Task 28 of 32 (0,0,0,0,1,12)  R03-M1-N00-J07 028      17.34    0.03
Task 7 of 32 (0,0,0,0,0,7)  R03-M1-N00-J00 007  Task 29 of 32 (0,0,0,0,1,13)  R03-M1-N00-J07 029      17.29    0.03
Task 7 of 32 (0,0,0,0,0,7)  R03-M1-N00-J00 007  Task 30 of 32 (0,0,0,0,1,14)  R03-M1-N00-J07 030      17.09    0.03
Task 7 of 32 (0,0,0,0,0,7)  R03-M1-N00-J00 007  Task 31 of 32 (0,0,0,0,1,15)  R03-M1-N00-J07 031      17.27    0.03
Task 8 of 32 (0,0,0,0,0,8)  R03-M1-N00-J00 008  Task 8 of 32 (0,0,0,0,0,8)  R03-M1-N00-J00 008       0.00    0.00
Task 8 of 32 (0,0,0,0,0,8)  R03-M1-N00-J00 008  Task 9 of 32 (0,0,0,0,0,9)  R03-M1-N00-J00 009      17.60    0.03
Task 8 of 32 (0,0,0,0,0,8)  R03-M1-N00-J00 008  Task 10 of 32 (0,0,0,0,0,10)  R03-M1-N00-J00 010      17.68    0.03
Task 8 of 32 (0,0,0,0,0,8)  R03-M1-N00-J00 008  Task 11 of 32 (0,0,0,0,0,11)  R03-M1-N00-J00 011      17.65    0.02
Task 8 of 32 (0,0,0,0,0,8)  R03-M1-N00-J00 008  Task 12 of 32 (0,0,0,0,0,12)  R03-M1-N00-J00 012      17.79    0.03
Task 8 of 32 (0,0,0,0,0,8)  R03-M1-N00-J00 008  Task 13 of 32 (0,0,0,0,0,13)  R03-M1-N00-J00 013      17.64    0.02
Task 8 of 32 (0,0,0,0,0,8)  R03-M1-N00-J00 008  Task 14 of 32 (0,0,0,0,0,14)  R03-M1-N00-J00 014      17.66    0.02
Task 8 of 32 (0,0,0,0,0,8)  R03-M1-N00-J00 008  Task 15 of 32 (0,0,0,0,0,15)  R03-M1-N00-J00 015      17.57    0.02
Task 8 of 32 (0,0,0,0,0,8)  R03-M1-N00-J00 008  Task 16 of 32 (0,0,0,0,1,0)  R03-M1-N00-J07 016      18.56    0.11
Task 8 of 32 (0,0,0,0,0,8)  R03-M1-N00-J00 008  Task 17 of 32 (0,0,0,0,1,1)  R03-M1-N00-J07 017      17.36    0.03
Task 8 of 32 (0,0,0,0,0,8)  R03-M1-N00-J00 008  Task 18 of 32 (0,0,0,0,1,2)  R03-M1-N00-J07 018      17.18    0.04
Task 8 of 32 (0,0,0,0,0,8)  R03-M1-N00-J00 008  Task 19 of 32 (0,0,0,0,1,3)  R03-M1-N00-J07 019      17.24    0.04
Task 8 of 32 (0,0,0,0,0,8)  R03-M1-N00-J00 008  Task 20 of 32 (0,0,0,0,1,4)  R03-M1-N00-J07 020      17.17    0.03
Task 8 of 32 (0,0,0,0,0,8)  R03-M1-N00-J00 008  Task 21 of 32 (0,0,0,0,1,5)  R03-M1-N00-J07 021      17.44    0.04
Task 8 of 32 (0,0,0,0,0,8)  R03-M1-N00-J00 008  Task 22 of 32 (0,0,0,0,1,6)  R03-M1-N00-J07 022      17.16    0.03
Task 8 of 32 (0,0,0,0,0,8)  R03-M1-N00-J00 008  Task 23 of 32 (0,0,0,0,1,7)  R03-M1-N00-J07 023      17.33    0.03
Task 8 of 32 (0,0,0,0,0,8)  R03-M1-N00-J00 008  Task 24 of 32 (0,0,0,0,1,8)  R03-M1-N00-J07 024      17.25    0.03
Task 8 of 32 (0,0,0,0,0,8)  R03-M1-N00-J00 008  Task 25 of 32 (0,0,0,0,1,9)  R03-M1-N00-J07 025      17.48    0.04
Task 8 of 32 (0,0,0,0,0,8)  R03-M1-N00-J00 008  Task 26 of 32 (0,0,0,0,1,10)  R03-M1-N00-J07 026      17.14    0.03
Task 8 of 32 (0,0,0,0,0,8)  R03-M1-N00-J00 008  Task 27 of 32 (0,0,0,0,1,11)  R03-M1-N00-J07 027      17.43    0.03
Task 8 of 32 (0,0,0,0,0,8)  R03-M1-N00-J00 008  Task 28 of 32 (0,0,0,0,1,12)  R03-M1-N00-J07 028      17.23    0.03
Task 8 of 32 (0,0,0,0,0,8)  R03-M1-N00-J00 008  Task 29 of 32 (0,0,0,0,1,13)  R03-M1-N00-J07 029      17.34    0.04
Task 8 of 32 (0,0,0,0,0,8)  R03-M1-N00-J00 008  Task 30 of 32 (0,0,0,0,1,14)  R03-M1-N00-J07 030      17.07    0.03
Task 8 of 32 (0,0,0,0,0,8)  R03-M1-N00-J00 008  Task 31 of 32 (0,0,0,0,1,15)  R03-M1-N00-J07 031      17.38    0.04
Task 9 of 32 (0,0,0,0,0,9)  R03-M1-N00-J00 009  Task 9 of 32 (0,0,0,0,0,9)  R03-M1-N00-J00 009       0.00    0.00
Task 9 of 32 (0,0,0,0,0,9)  R03-M1-N00-J00 009  Task 10 of 32 (0,0,0,0,0,10)  R03-M1-N00-J00 010      17.60    0.03
Task 9 of 32 (0,0,0,0,0,9)  R03-M1-N00-J00 009  Task 11 of 32 (0,0,0,0,0,11)  R03-M1-N00-J00 011      17.70    0.03
Task 9 of 32 (0,0,0,0,0,9)  R03-M1-N00-J00 009  Task 12 of 32 (0,0,0,0,0,12)  R03-M1-N00-J00 012      17.71    0.03
Task 9 of 32 (0,0,0,0,0,9)  R03-M1-N00-J00 009  Task 13 of 32 (0,0,0,0,0,13)  R03-M1-N00-J00 013      17.43    0.02
Task 9 of 32 (0,0,0,0,0,9)  R03-M1-N00-J00 009  Task 14 of 32 (0,0,0,0,0,14)  R03-M1-N00-J00 014      17.47    0.02
Task 9 of 32 (0,0,0,0,0,9)  R03-M1-N00-J00 009  Task 15 of 32 (0,0,0,0,0,15)  R03-M1-N00-J00 015      17.46    0.03
Task 9 of 32 (0,0,0,0,0,9)  R03-M1-N00-J00 009  Task 16 of 32 (0,0,0,0,1,0)  R03-M1-N00-J07 016      18.71    0.12
Task 9 of 32 (0,0,0,0,0,9)  R03-M1-N00-J00 009  Task 17 of 32 (0,0,0,0,1,1)  R03-M1-N00-J07 017      17.37    0.03
Task 9 of 32 (0,0,0,0,0,9)  R03-M1-N00-J00 009  Task 18 of 32 (0,0,0,0,1,2)  R03-M1-N00-J07 018      17.26    0.03
Task 9 of 32 (0,0,0,0,0,9)  R03-M1-N00-J00 009  Task 19 of 32 (0,0,0,0,1,3)  R03-M1-N00-J07 019      17.26    0.03
Task 9 of 32 (0,0,0,0,0,9)  R03-M1-N00-J00 009  Task 20 of 32 (0,0,0,0,1,4)  R03-M1-N00-J07 020      17.25    0.03
Task 9 of 32 (0,0,0,0,0,9)  R03-M1-N00-J00 009  Task 21 of 32 (0,0,0,0,1,5)  R03-M1-N00-J07 021      17.44    0.03
Task 9 of 32 (0,0,0,0,0,9)  R03-M1-N00-J00 009  Task 22 of 32 (0,0,0,0,1,6)  R03-M1-N00-J07 022      17.16    0.04
Task 9 of 32 (0,0,0,0,0,9)  R03-M1-N00-J00 009  Task 23 of 32 (0,0,0,0,1,7)  R03-M1-N00-J07 023      17.32    0.03
Task 9 of 32 (0,0,0,0,0,9)  R03-M1-N00-J00 009  Task 24 of 32 (0,0,0,0,1,8)  R03-M1-N00-J07 024      17.28    0.03
Task 9 of 32 (0,0,0,0,0,9)  R03-M1-N00-J00 009  Task 25 of 32 (0,0,0,0,1,9)  R03-M1-N00-J07 025      17.40    0.03
Task 9 of 32 (0,0,0,0,0,9)  R03-M1-N00-J00 009  Task 26 of 32 (0,0,0,0,1,10)  R03-M1-N00-J07 026      17.29    0.04
Task 9 of 32 (0,0,0,0,0,9)  R03-M1-N00-J00 009  Task 27 of 32 (0,0,0,0,1,11)  R03-M1-N00-J07 027      17.44    0.04
Task 9 of 32 (0,0,0,0,0,9)  R03-M1-N00-J00 009  Task 28 of 32 (0,0,0,0,1,12)  R03-M1-N00-J07 028      17.36    0.03
Task 9 of 32 (0,0,0,0,0,9)  R03-M1-N00-J00 009  Task 29 of 32 (0,0,0,0,1,13)  R03-M1-N00-J07 029      17.27    0.03
Task 9 of 32 (0,0,0,0,0,9)  R03-M1-N00-J00 009  Task 30 of 32 (0,0,0,0,1,14)  R03-M1-N00-J07 030      17.14    0.03
Task 9 of 32 (0,0,0,0,0,9)  R03-M1-N00-J00 009  Task 31 of 32 (0,0,0,0,1,15)  R03-M1-N00-J07 031      17.33    0.04
Task 10 of 32 (0,0,0,0,0,10)  R03-M1-N00-J00 010  Task 10 of 32 (0,0,0,0,0,10)  R03-M1-N00-J00 010       0.00    0.00
Task 10 of 32 (0,0,0,0,0,10)  R03-M1-N00-J00 010  Task 11 of 32 (0,0,0,0,0,11)  R03-M1-N00-J00 011      17.70    0.03
Task 10 of 32 (0,0,0,0,0,10)  R03-M1-N00-J00 010  Task 12 of 32 (0,0,0,0,0,12)  R03-M1-N00-J00 012      17.94    0.03
Task 10 of 32 (0,0,0,0,0,10)  R03-M1-N00-J00 010  Task 13 of 32 (0,0,0,0,0,13)  R03-M1-N00-J00 013      17.59    0.03
Task 10 of 32 (0,0,0,0,0,10)  R03-M1-N00-J00 010  Task 14 of 32 (0,0,0,0,0,14)  R03-M1-N00-J00 014      17.60    0.03
Task 10 of 32 (0,0,0,0,0,10)  R03-M1-N00-J00 010  Task 15 of 32 (0,0,0,0,0,15)  R03-M1-N00-J00 015      17.46    0.02
Task 10 of 32 (0,0,0,0,0,10)  R03-M1-N00-J00 010  Task 16 of 32 (0,0,0,0,1,0)  R03-M1-N00-J07 016      18.62    0.11
Task 10 of 32 (0,0,0,0,0,10)  R03-M1-N00-J00 010  Task 17 of 32 (0,0,0,0,1,1)  R03-M1-N00-J07 017      17.30    0.03
Task 10 of 32 (0,0,0,0,0,10)  R03-M1-N00-J00 010  Task 18 of 32 (0,0,0,0,1,2)  R03-M1-N00-J07 018      17.03    0.03
Task 10 of 32 (0,0,0,0,0,10)  R03-M1-N00-J00 010  Task 19 of 32 (0,0,0,0,1,3)  R03-M1-N00-J07 019      17.23    0.03
Task 10 of 32 (0,0,0,0,0,10)  R03-M1-N00-J00 010  Task 20 of 32 (0,0,0,0,1,4)  R03-M1-N00-J07 020      17.11    0.03
Task 10 of 32 (0,0,0,0,0,10)  R03-M1-N00-J00 010  Task 21 of 32 (0,0,0,0,1,5)  R03-M1-N00-J07 021      17.33    0.03
Task 10 of 32 (0,0,0,0,0,10)  R03-M1-N00-J00 010  Task 22 of 32 (0,0,0,0,1,6)  R03-M1-N00-J07 022      17.02    0.03
Task 10 of 32 (0,0,0,0,0,10)  R03-M1-N00-J00 010  Task 23 of 32 (0,0,0,0,1,7)  R03-M1-N00-J07 023      17.26    0.03
Task 10 of 32 (0,0,0,0,0,10)  R03-M1-N00-J00 010  Task 24 of 32 (0,0,0,0,1,8)  R03-M1-N00-J07 024      17.17    0.03
Task 10 of 32 (0,0,0,0,0,10)  R03-M1-N00-J00 010  Task 25 of 32 (0,0,0,0,1,9)  R03-M1-N00-J07 025      17.34    0.03
Task 10 of 32 (0,0,0,0,0,10)  R03-M1-N00-J00 010  Task 26 of 32 (0,0,0,0,1,10)  R03-M1-N00-J07 026      17.05    0.03
Task 10 of 32 (0,0,0,0,0,10)  R03-M1-N00-J00 010  Task 27 of 32 (0,0,0,0,1,11)  R03-M1-N00-J07 027      17.33    0.03
Task 10 of 32 (0,0,0,0,0,10)  R03-M1-N00-J00 010  Task 28 of 32 (0,0,0,0,1,12)  R03-M1-N00-J07 028      17.17    0.03
Task 10 of 32 (0,0,0,0,0,10)  R03-M1-N00-J00 010  Task 29 of 32 (0,0,0,0,1,13)  R03-M1-N00-J07 029      17.26    0.03
Task 10 of 32 (0,0,0,0,0,10)  R03-M1-N00-J00 010  Task 30 of 32 (0,0,0,0,1,14)  R03-M1-N00-J07 030      16.92    0.03
Task 10 of 32 (0,0,0,0,0,10)  R03-M1-N00-J00 010  Task 31 of 32 (0,0,0,0,1,15)  R03-M1-N00-J07 031      17.22    0.03
Task 11 of 32 (0,0,0,0,0,11)  R03-M1-N00-J00 011  Task 11 of 32 (0,0,0,0,0,11)  R03-M1-N00-J00 011       0.00    0.00
Task 11 of 32 (0,0,0,0,0,11)  R03-M1-N00-J00 011  Task 12 of 32 (0,0,0,0,0,12)  R03-M1-N00-J00 012      17.82    0.03
Task 11 of 32 (0,0,0,0,0,11)  R03-M1-N00-J00 011  Task 13 of 32 (0,0,0,0,0,13)  R03-M1-N00-J00 013      17.75    0.03
Task 11 of 32 (0,0,0,0,0,11)  R03-M1-N00-J00 011  Task 14 of 32 (0,0,0,0,0,14)  R03-M1-N00-J00 014      17.54    0.02
Task 11 of 32 (0,0,0,0,0,11)  R03-M1-N00-J00 011  Task 15 of 32 (0,0,0,0,0,15)  R03-M1-N00-J00 015      17.49    0.02
Task 11 of 32 (0,0,0,0,0,11)  R03-M1-N00-J00 011  Task 16 of 32 (0,0,0,0,1,0)  R03-M1-N00-J07 016      18.69    0.12
Task 11 of 32 (0,0,0,0,0,11)  R03-M1-N00-J00 011  Task 17 of 32 (0,0,0,0,1,1)  R03-M1-N00-J07 017      17.15    0.03
Task 11 of 32 (0,0,0,0,0,11)  R03-M1-N00-J00 011  Task 18 of 32 (0,0,0,0,1,2)  R03-M1-N00-J07 018      17.01    0.03
Task 11 of 32 (0,0,0,0,0,11)  R03-M1-N00-J00 011  Task 19 of 32 (0,0,0,0,1,3)  R03-M1-N00-J07 019      17.16    0.03
Task 11 of 32 (0,0,0,0,0,11)  R03-M1-N00-J00 011  Task 20 of 32 (0,0,0,0,1,4)  R03-M1-N00-J07 020      17.03    0.03
Task 11 of 32 (0,0,0,0,0,11)  R03-M1-N00-J00 011  Task 21 of 32 (0,0,0,0,1,5)  R03-M1-N00-J07 021      17.24    0.03
Task 11 of 32 (0,0,0,0,0,11)  R03-M1-N00-J00 011  Task 22 of 32 (0,0,0,0,1,6)  R03-M1-N00-J07 022      17.10    0.03
Task 11 of 32 (0,0,0,0,0,11)  R03-M1-N00-J00 011  Task 23 of 32 (0,0,0,0,1,7)  R03-M1-N00-J07 023      17.18    0.04
Task 11 of 32 (0,0,0,0,0,11)  R03-M1-N00-J00 011  Task 24 of 32 (0,0,0,0,1,8)  R03-M1-N00-J07 024      17.18    0.03
Task 11 of 32 (0,0,0,0,0,11)  R03-M1-N00-J00 011  Task 25 of 32 (0,0,0,0,1,9)  R03-M1-N00-J07 025      17.23    0.03
Task 11 of 32 (0,0,0,0,0,11)  R03-M1-N00-J00 011  Task 26 of 32 (0,0,0,0,1,10)  R03-M1-N00-J07 026      17.15    0.04
Task 11 of 32 (0,0,0,0,0,11)  R03-M1-N00-J00 011  Task 27 of 32 (0,0,0,0,1,11)  R03-M1-N00-J07 027      17.33    0.03
Task 11 of 32 (0,0,0,0,0,11)  R03-M1-N00-J00 011  Task 28 of 32 (0,0,0,0,1,12)  R03-M1-N00-J07 028      17.29    0.03
Task 11 of 32 (0,0,0,0,0,11)  R03-M1-N00-J00 011  Task 29 of 32 (0,0,0,0,1,13)  R03-M1-N00-J07 029      17.20    0.03
Task 11 of 32 (0,0,0,0,0,11)  R03-M1-N00-J00 011  Task 30 of 32 (0,0,0,0,1,14)  R03-M1-N00-J07 030      16.99    0.03
Task 11 of 32 (0,0,0,0,0,11)  R03-M1-N00-J00 011  Task 31 of 32 (0,0,0,0,1,15)  R03-M1-N00-J07 031      17.25    0.04
Task 12 of 32 (0,0,0,0,0,12)  R03-M1-N00-J00 012  Task 12 of 32 (0,0,0,0,0,12)  R03-M1-N00-J00 012       0.00    0.00
Task 12 of 32 (0,0,0,0,0,12)  R03-M1-N00-J00 012  Task 13 of 32 (0,0,0,0,0,13)  R03-M1-N00-J00 013      17.71    0.03
Task 12 of 32 (0,0,0,0,0,12)  R03-M1-N00-J00 012  Task 14 of 32 (0,0,0,0,0,14)  R03-M1-N00-J00 014      17.87    0.03
Task 12 of 32 (0,0,0,0,0,12)  R03-M1-N00-J00 012  Task 15 of 32 (0,0,0,0,0,15)  R03-M1-N00-J00 015      17.63    0.03
Task 12 of 32 (0,0,0,0,0,12)  R03-M1-N00-J00 012  Task 16 of 32 (0,0,0,0,1,0)  R03-M1-N00-J07 016      18.58    0.12
Task 12 of 32 (0,0,0,0,0,12)  R03-M1-N00-J00 012  Task 17 of 32 (0,0,0,0,1,1)  R03-M1-N00-J07 017      17.30    0.04
Task 12 of 32 (0,0,0,0,0,12)  R03-M1-N00-J00 012  Task 18 of 32 (0,0,0,0,1,2)  R03-M1-N00-J07 018      17.09    0.03
Task 12 of 32 (0,0,0,0,0,12)  R03-M1-N00-J00 012  Task 19 of 32 (0,0,0,0,1,3)  R03-M1-N00-J07 019      17.24    0.03
Task 12 of 32 (0,0,0,0,0,12)  R03-M1-N00-J00 012  Task 20 of 32 (0,0,0,0,1,4)  R03-M1-N00-J07 020      17.06    0.03
Task 12 of 32 (0,0,0,0,0,12)  R03-M1-N00-J00 012  Task 21 of 32 (0,0,0,0,1,5)  R03-M1-N00-J07 021      17.37    0.03
Task 12 of 32 (0,0,0,0,0,12)  R03-M1-N00-J00 012  Task 22 of 32 (0,0,0,0,1,6)  R03-M1-N00-J07 022      17.09    0.03
Task 12 of 32 (0,0,0,0,0,12)  R03-M1-N00-J00 012  Task 23 of 32 (0,0,0,0,1,7)  R03-M1-N00-J07 023      17.22    0.03
Task 12 of 32 (0,0,0,0,0,12)  R03-M1-N00-J00 012  Task 24 of 32 (0,0,0,0,1,8)  R03-M1-N00-J07 024      17.11    0.03
Task 12 of 32 (0,0,0,0,0,12)  R03-M1-N00-J00 012  Task 25 of 32 (0,0,0,0,1,9)  R03-M1-N00-J07 025      17.30    0.04
Task 12 of 32 (0,0,0,0,0,12)  R03-M1-N00-J00 012  Task 26 of 32 (0,0,0,0,1,10)  R03-M1-N00-J07 026      17.03    0.03
Task 12 of 32 (0,0,0,0,0,12)  R03-M1-N00-J00 012  Task 27 of 32 (0,0,0,0,1,11)  R03-M1-N00-J07 027      17.37    0.04
Task 12 of 32 (0,0,0,0,0,12)  R03-M1-N00-J00 012  Task 28 of 32 (0,0,0,0,1,12)  R03-M1-N00-J07 028      17.23    0.03
Task 12 of 32 (0,0,0,0,0,12)  R03-M1-N00-J00 012  Task 29 of 32 (0,0,0,0,1,13)  R03-M1-N00-J07 029      17.25    0.03
Task 12 of 32 (0,0,0,0,0,12)  R03-M1-N00-J00 012  Task 30 of 32 (0,0,0,0,1,14)  R03-M1-N00-J07 030      16.93    0.03
Task 12 of 32 (0,0,0,0,0,12)  R03-M1-N00-J00 012  Task 31 of 32 (0,0,0,0,1,15)  R03-M1-N00-J07 031      17.27    0.03
Task 13 of 32 (0,0,0,0,0,13)  R03-M1-N00-J00 013  Task 13 of 32 (0,0,0,0,0,13)  R03-M1-N00-J00 013       0.00    0.00
Task 13 of 32 (0,0,0,0,0,13)  R03-M1-N00-J00 013  Task 14 of 32 (0,0,0,0,0,14)  R03-M1-N00-J00 014      17.70    0.03
Task 13 of 32 (0,0,0,0,0,13)  R03-M1-N00-J00 013  Task 15 of 32 (0,0,0,0,0,15)  R03-M1-N00-J00 015      17.68    0.03
Task 13 of 32 (0,0,0,0,0,13)  R03-M1-N00-J00 013  Task 16 of 32 (0,0,0,0,1,0)  R03-M1-N00-J07 016      18.57    0.12
Task 13 of 32 (0,0,0,0,0,13)  R03-M1-N00-J00 013  Task 17 of 32 (0,0,0,0,1,1)  R03-M1-N00-J07 017      17.30    0.04
Task 13 of 32 (0,0,0,0,0,13)  R03-M1-N00-J00 013  Task 18 of 32 (0,0,0,0,1,2)  R03-M1-N00-J07 018      17.20    0.03
Task 13 of 32 (0,0,0,0,0,13)  R03-M1-N00-J00 013  Task 19 of 32 (0,0,0,0,1,3)  R03-M1-N00-J07 019      17.18    0.03
Task 13 of 32 (0,0,0,0,0,13)  R03-M1-N00-J00 013  Task 20 of 32 (0,0,0,0,1,4)  R03-M1-N00-J07 020      17.20    0.03
Task 13 of 32 (0,0,0,0,0,13)  R03-M1-N00-J00 013  Task 21 of 32 (0,0,0,0,1,5)  R03-M1-N00-J07 021      17.38    0.03
Task 13 of 32 (0,0,0,0,0,13)  R03-M1-N00-J00 013  Task 22 of 32 (0,0,0,0,1,6)  R03-M1-N00-J07 022      17.25    0.03
Task 13 of 32 (0,0,0,0,0,13)  R03-M1-N00-J00 013  Task 23 of 32 (0,0,0,0,1,7)  R03-M1-N00-J07 023      17.35    0.03
Task 13 of 32 (0,0,0,0,0,13)  R03-M1-N00-J00 013  Task 24 of 32 (0,0,0,0,1,8)  R03-M1-N00-J07 024      17.32    0.03
Task 13 of 32 (0,0,0,0,0,13)  R03-M1-N00-J00 013  Task 25 of 32 (0,0,0,0,1,9)  R03-M1-N00-J07 025      17.33    0.03
Task 13 of 32 (0,0,0,0,0,13)  R03-M1-N00-J00 013  Task 26 of 32 (0,0,0,0,1,10)  R03-M1-N00-J07 026      17.20    0.03
Task 13 of 32 (0,0,0,0,0,13)  R03-M1-N00-J00 013  Task 27 of 32 (0,0,0,0,1,11)  R03-M1-N00-J07 027      17.40    0.03
Task 13 of 32 (0,0,0,0,0,13)  R03-M1-N00-J00 013  Task 28 of 32 (0,0,0,0,1,12)  R03-M1-N00-J07 028      17.36    0.03
Task 13 of 32 (0,0,0,0,0,13)  R03-M1-N00-J00 013  Task 29 of 32 (0,0,0,0,1,13)  R03-M1-N00-J07 029      17.26    0.03
Task 13 of 32 (0,0,0,0,0,13)  R03-M1-N00-J00 013  Task 30 of 32 (0,0,0,0,1,14)  R03-M1-N00-J07 030      17.13    0.03
Task 13 of 32 (0,0,0,0,0,13)  R03-M1-N00-J00 013  Task 31 of 32 (0,0,0,0,1,15)  R03-M1-N00-J07 031      17.23    0.03
Task 14 of 32 (0,0,0,0,0,14)  R03-M1-N00-J00 014  Task 14 of 32 (0,0,0,0,0,14)  R03-M1-N00-J00 014       0.00    0.00
Task 14 of 32 (0,0,0,0,0,14)  R03-M1-N00-J00 014  Task 15 of 32 (0,0,0,0,0,15)  R03-M1-N00-J00 015      17.81    0.03
Task 14 of 32 (0,0,0,0,0,14)  R03-M1-N00-J00 014  Task 16 of 32 (0,0,0,0,1,0)  R03-M1-N00-J07 016      18.48    0.12
Task 14 of 32 (0,0,0,0,0,14)  R03-M1-N00-J00 014  Task 17 of 32 (0,0,0,0,1,1)  R03-M1-N00-J07 017      17.27    0.03
Task 14 of 32 (0,0,0,0,0,14)  R03-M1-N00-J00 014  Task 18 of 32 (0,0,0,0,1,2)  R03-M1-N00-J07 018      17.01    0.03
Task 14 of 32 (0,0,0,0,0,14)  R03-M1-N00-J00 014  Task 19 of 32 (0,0,0,0,1,3)  R03-M1-N00-J07 019      17.16    0.03
Task 14 of 32 (0,0,0,0,0,14)  R03-M1-N00-J00 014  Task 20 of 32 (0,0,0,0,1,4)  R03-M1-N00-J07 020      17.10    0.03
Task 14 of 32 (0,0,0,0,0,14)  R03-M1-N00-J00 014  Task 21 of 32 (0,0,0,0,1,5)  R03-M1-N00-J07 021      17.28    0.03
Task 14 of 32 (0,0,0,0,0,14)  R03-M1-N00-J00 014  Task 22 of 32 (0,0,0,0,1,6)  R03-M1-N00-J07 022      16.99    0.03
Task 14 of 32 (0,0,0,0,0,14)  R03-M1-N00-J00 014  Task 23 of 32 (0,0,0,0,1,7)  R03-M1-N00-J07 023      17.29    0.03
Task 14 of 32 (0,0,0,0,0,14)  R03-M1-N00-J00 014  Task 24 of 32 (0,0,0,0,1,8)  R03-M1-N00-J07 024      17.17    0.03
Task 14 of 32 (0,0,0,0,0,14)  R03-M1-N00-J00 014  Task 25 of 32 (0,0,0,0,1,9)  R03-M1-N00-J07 025      17.29    0.03
Task 14 of 32 (0,0,0,0,0,14)  R03-M1-N00-J00 014  Task 26 of 32 (0,0,0,0,1,10)  R03-M1-N00-J07 026      17.04    0.03
Task 14 of 32 (0,0,0,0,0,14)  R03-M1-N00-J00 014  Task 27 of 32 (0,0,0,0,1,11)  R03-M1-N00-J07 027      17.35    0.03
Task 14 of 32 (0,0,0,0,0,14)  R03-M1-N00-J00 014  Task 28 of 32 (0,0,0,0,1,12)  R03-M1-N00-J07 028      17.22    0.03
Task 14 of 32 (0,0,0,0,0,14)  R03-M1-N00-J00 014  Task 29 of 32 (0,0,0,0,1,13)  R03-M1-N00-J07 029      17.31    0.03
Task 14 of 32 (0,0,0,0,0,14)  R03-M1-N00-J00 014  Task 30 of 32 (0,0,0,0,1,14)  R03-M1-N00-J07 030      17.06    0.03
Task 14 of 32 (0,0,0,0,0,14)  R03-M1-N00-J00 014  Task 31 of 32 (0,0,0,0,1,15)  R03-M1-N00-J07 031      17.33    0.03
Task 15 of 32 (0,0,0,0,0,15)  R03-M1-N00-J00 015  Task 15 of 32 (0,0,0,0,0,15)  R03-M1-N00-J00 015       0.00    0.00
Task 15 of 32 (0,0,0,0,0,15)  R03-M1-N00-J00 015  Task 16 of 32 (0,0,0,0,1,0)  R03-M1-N00-J07 016      18.68    0.12
Task 15 of 32 (0,0,0,0,0,15)  R03-M1-N00-J00 015  Task 17 of 32 (0,0,0,0,1,1)  R03-M1-N00-J07 017      17.38    0.03
Task 15 of 32 (0,0,0,0,0,15)  R03-M1-N00-J00 015  Task 18 of 32 (0,0,0,0,1,2)  R03-M1-N00-J07 018      17.19    0.03
Task 15 of 32 (0,0,0,0,0,15)  R03-M1-N00-J00 015  Task 19 of 32 (0,0,0,0,1,3)  R03-M1-N00-J07 019      17.24    0.03
Task 15 of 32 (0,0,0,0,0,15)  R03-M1-N00-J00 015  Task 20 of 32 (0,0,0,0,1,4)  R03-M1-N00-J07 020      17.14    0.03
Task 15 of 32 (0,0,0,0,0,15)  R03-M1-N00-J00 015  Task 21 of 32 (0,0,0,0,1,5)  R03-M1-N00-J07 021      17.29    0.03
Task 15 of 32 (0,0,0,0,0,15)  R03-M1-N00-J00 015  Task 22 of 32 (0,0,0,0,1,6)  R03-M1-N00-J07 022      17.06    0.03
Task 15 of 32 (0,0,0,0,0,15)  R03-M1-N00-J00 015  Task 23 of 32 (0,0,0,0,1,7)  R03-M1-N00-J07 023      17.20    0.03
Task 15 of 32 (0,0,0,0,0,15)  R03-M1-N00-J00 015  Task 24 of 32 (0,0,0,0,1,8)  R03-M1-N00-J07 024      17.25    0.03
Task 15 of 32 (0,0,0,0,0,15)  R03-M1-N00-J00 015  Task 25 of 32 (0,0,0,0,1,9)  R03-M1-N00-J07 025      17.25    0.03
Task 15 of 32 (0,0,0,0,0,15)  R03-M1-N00-J00 015  Task 26 of 32 (0,0,0,0,1,10)  R03-M1-N00-J07 026      17.10    0.03
Task 15 of 32 (0,0,0,0,0,15)  R03-M1-N00-J00 015  Task 27 of 32 (0,0,0,0,1,11)  R03-M1-N00-J07 027      17.31    0.04
Task 15 of 32 (0,0,0,0,0,15)  R03-M1-N00-J00 015  Task 28 of 32 (0,0,0,0,1,12)  R03-M1-N00-J07 028      17.27    0.03
Task 15 of 32 (0,0,0,0,0,15)  R03-M1-N00-J00 015  Task 29 of 32 (0,0,0,0,1,13)  R03-M1-N00-J07 029      17.25    0.03
Task 15 of 32 (0,0,0,0,0,15)  R03-M1-N00-J00 015  Task 30 of 32 (0,0,0,0,1,14)  R03-M1-N00-J07 030      17.17    0.04
Task 15 of 32 (0,0,0,0,0,15)  R03-M1-N00-J00 015  Task 31 of 32 (0,0,0,0,1,15)  R03-M1-N00-J07 031      17.29    0.03
Task 16 of 32 (0,0,0,0,1,0)  R03-M1-N00-J07 016  Task 16 of 32 (0,0,0,0,1,0)  R03-M1-N00-J07 016       0.00    0.00
Task 16 of 32 (0,0,0,0,1,0)  R03-M1-N00-J07 016  Task 17 of 32 (0,0,0,0,1,1)  R03-M1-N00-J07 017      19.20    0.26
Task 16 of 32 (0,0,0,0,1,0)  R03-M1-N00-J07 016  Task 18 of 32 (0,0,0,0,1,2)  R03-M1-N00-J07 018      18.85    0.11
Task 16 of 32 (0,0,0,0,1,0)  R03-M1-N00-J07 016  Task 19 of 32 (0,0,0,0,1,3)  R03-M1-N00-J07 019      18.86    0.10
Task 16 of 32 (0,0,0,0,1,0)  R03-M1-N00-J07 016  Task 20 of 32 (0,0,0,0,1,4)  R03-M1-N00-J07 020      18.78    0.10
Task 16 of 32 (0,0,0,0,1,0)  R03-M1-N00-J07 016  Task 21 of 32 (0,0,0,0,1,5)  R03-M1-N00-J07 021      18.89    0.10
Task 16 of 32 (0,0,0,0,1,0)  R03-M1-N00-J07 016  Task 22 of 32 (0,0,0,0,1,6)  R03-M1-N00-J07 022      18.92    0.10
Task 16 of 32 (0,0,0,0,1,0)  R03-M1-N00-J07 016  Task 23 of 32 (0,0,0,0,1,7)  R03-M1-N00-J07 023      18.73    0.10
Task 16 of 32 (0,0,0,0,1,0)  R03-M1-N00-J07 016  Task 24 of 32 (0,0,0,0,1,8)  R03-M1-N00-J07 024      18.81    0.11
Task 16 of 32 (0,0,0,0,1,0)  R03-M1-N00-J07 016  Task 25 of 32 (0,0,0,0,1,9)  R03-M1-N00-J07 025      18.54    0.11
Task 16 of 32 (0,0,0,0,1,0)  R03-M1-N00-J07 016  Task 26 of 32 (0,0,0,0,1,10)  R03-M1-N00-J07 026      18.81    0.10
Task 16 of 32 (0,0,0,0,1,0)  R03-M1-N00-J07 016  Task 27 of 32 (0,0,0,0,1,11)  R03-M1-N00-J07 027      18.78    0.11
Task 16 of 32 (0,0,0,0,1,0)  R03-M1-N00-J07 016  Task 28 of 32 (0,0,0,0,1,12)  R03-M1-N00-J07 028      18.80    0.10
Task 16 of 32 (0,0,0,0,1,0)  R03-M1-N00-J07 016  Task 29 of 32 (0,0,0,0,1,13)  R03-M1-N00-J07 029      18.73    0.10
Task 16 of 32 (0,0,0,0,1,0)  R03-M1-N00-J07 016  Task 30 of 32 (0,0,0,0,1,14)  R03-M1-N00-J07 030      18.76    0.10
Task 16 of 32 (0,0,0,0,1,0)  R03-M1-N00-J07 016  Task 31 of 32 (0,0,0,0,1,15)  R03-M1-N00-J07 031      18.94    0.10
Task 17 of 32 (0,0,0,0,1,1)  R03-M1-N00-J07 017  Task 17 of 32 (0,0,0,0,1,1)  R03-M1-N00-J07 017       0.00    0.00
Task 17 of 32 (0,0,0,0,1,1)  R03-M1-N00-J07 017  Task 18 of 32 (0,0,0,0,1,2)  R03-M1-N00-J07 018      17.93    0.03
Task 17 of 32 (0,0,0,0,1,1)  R03-M1-N00-J07 017  Task 19 of 32 (0,0,0,0,1,3)  R03-M1-N00-J07 019      17.71    0.03
Task 17 of 32 (0,0,0,0,1,1)  R03-M1-N00-J07 017  Task 20 of 32 (0,0,0,0,1,4)  R03-M1-N00-J07 020      17.62    0.03
Task 17 of 32 (0,0,0,0,1,1)  R03-M1-N00-J07 017  Task 21 of 32 (0,0,0,0,1,5)  R03-M1-N00-J07 021      17.60    0.03
Task 17 of 32 (0,0,0,0,1,1)  R03-M1-N00-J07 017  Task 22 of 32 (0,0,0,0,1,6)  R03-M1-N00-J07 022      17.62    0.02
Task 17 of 32 (0,0,0,0,1,1)  R03-M1-N00-J07 017  Task 23 of 32 (0,0,0,0,1,7)  R03-M1-N00-J07 023      17.66    0.03
Task 17 of 32 (0,0,0,0,1,1)  R03-M1-N00-J07 017  Task 24 of 32 (0,0,0,0,1,8)  R03-M1-N00-J07 024      17.74    0.03
Task 17 of 32 (0,0,0,0,1,1)  R03-M1-N00-J07 017  Task 25 of 32 (0,0,0,0,1,9)  R03-M1-N00-J07 025      17.67    0.02
Task 17 of 32 (0,0,0,0,1,1)  R03-M1-N00-J07 017  Task 26 of 32 (0,0,0,0,1,10)  R03-M1-N00-J07 026      17.74    0.03
Task 17 of 32 (0,0,0,0,1,1)  R03-M1-N00-J07 017  Task 27 of 32 (0,0,0,0,1,11)  R03-M1-N00-J07 027      17.74    0.03
Task 17 of 32 (0,0,0,0,1,1)  R03-M1-N00-J07 017  Task 28 of 32 (0,0,0,0,1,12)  R03-M1-N00-J07 028      17.63    0.03
Task 17 of 32 (0,0,0,0,1,1)  R03-M1-N00-J07 017  Task 29 of 32 (0,0,0,0,1,13)  R03-M1-N00-J07 029      17.64    0.03
Task 17 of 32 (0,0,0,0,1,1)  R03-M1-N00-J07 017  Task 30 of 32 (0,0,0,0,1,14)  R03-M1-N00-J07 030      17.68    0.03
Task 17 of 32 (0,0,0,0,1,1)  R03-M1-N00-J07 017  Task 31 of 32 (0,0,0,0,1,15)  R03-M1-N00-J07 031      17.68    0.03
Task 18 of 32 (0,0,0,0,1,2)  R03-M1-N00-J07 018  Task 18 of 32 (0,0,0,0,1,2)  R03-M1-N00-J07 018       0.00    0.00
Task 18 of 32 (0,0,0,0,1,2)  R03-M1-N00-J07 018  Task 19 of 32 (0,0,0,0,1,3)  R03-M1-N00-J07 019      17.62    0.03
Task 18 of 32 (0,0,0,0,1,2)  R03-M1-N00-J07 018  Task 20 of 32 (0,0,0,0,1,4)  R03-M1-N00-J07 020      17.52    0.02
Task 18 of 32 (0,0,0,0,1,2)  R03-M1-N00-J07 018  Task 21 of 32 (0,0,0,0,1,5)  R03-M1-N00-J07 021      17.48    0.03
Task 18 of 32 (0,0,0,0,1,2)  R03-M1-N00-J07 018  Task 22 of 32 (0,0,0,0,1,6)  R03-M1-N00-J07 022      17.52    0.03
Task 18 of 32 (0,0,0,0,1,2)  R03-M1-N00-J07 018  Task 23 of 32 (0,0,0,0,1,7)  R03-M1-N00-J07 023      17.57    0.03
Task 18 of 32 (0,0,0,0,1,2)  R03-M1-N00-J07 018  Task 24 of 32 (0,0,0,0,1,8)  R03-M1-N00-J07 024      17.64    0.03
Task 18 of 32 (0,0,0,0,1,2)  R03-M1-N00-J07 018  Task 25 of 32 (0,0,0,0,1,9)  R03-M1-N00-J07 025      17.59    0.03
Task 18 of 32 (0,0,0,0,1,2)  R03-M1-N00-J07 018  Task 26 of 32 (0,0,0,0,1,10)  R03-M1-N00-J07 026      17.55    0.03
Task 18 of 32 (0,0,0,0,1,2)  R03-M1-N00-J07 018  Task 27 of 32 (0,0,0,0,1,11)  R03-M1-N00-J07 027      17.53    0.03
Task 18 of 32 (0,0,0,0,1,2)  R03-M1-N00-J07 018  Task 28 of 32 (0,0,0,0,1,12)  R03-M1-N00-J07 028      17.57    0.03
Task 18 of 32 (0,0,0,0,1,2)  R03-M1-N00-J07 018  Task 29 of 32 (0,0,0,0,1,13)  R03-M1-N00-J07 029      17.58    0.02
Task 18 of 32 (0,0,0,0,1,2)  R03-M1-N00-J07 018  Task 30 of 32 (0,0,0,0,1,14)  R03-M1-N00-J07 030      17.61    0.03
Task 18 of 32 (0,0,0,0,1,2)  R03-M1-N00-J07 018  Task 31 of 32 (0,0,0,0,1,15)  R03-M1-N00-J07 031      17.64    0.02
Task 19 of 32 (0,0,0,0,1,3)  R03-M1-N00-J07 019  Task 19 of 32 (0,0,0,0,1,3)  R03-M1-N00-J07 019       0.00    0.00
Task 19 of 32 (0,0,0,0,1,3)  R03-M1-N00-J07 019  Task 20 of 32 (0,0,0,0,1,4)  R03-M1-N00-J07 020      17.46    0.02
Task 19 of 32 (0,0,0,0,1,3)  R03-M1-N00-J07 019  Task 21 of 32 (0,0,0,0,1,5)  R03-M1-N00-J07 021      17.60    0.02
Task 19 of 32 (0,0,0,0,1,3)  R03-M1-N00-J07 019  Task 22 of 32 (0,0,0,0,1,6)  R03-M1-N00-J07 022      17.47    0.02
Task 19 of 32 (0,0,0,0,1,3)  R03-M1-N00-J07 019  Task 23 of 32 (0,0,0,0,1,7)  R03-M1-N00-J07 023      17.48    0.03
Task 19 of 32 (0,0,0,0,1,3)  R03-M1-N00-J07 019  Task 24 of 32 (0,0,0,0,1,8)  R03-M1-N00-J07 024      17.64    0.03
Task 19 of 32 (0,0,0,0,1,3)  R03-M1-N00-J07 019  Task 25 of 32 (0,0,0,0,1,9)  R03-M1-N00-J07 025      17.58    0.03
Task 19 of 32 (0,0,0,0,1,3)  R03-M1-N00-J07 019  Task 26 of 32 (0,0,0,0,1,10)  R03-M1-N00-J07 026      17.53    0.03
Task 19 of 32 (0,0,0,0,1,3)  R03-M1-N00-J07 019  Task 27 of 32 (0,0,0,0,1,11)  R03-M1-N00-J07 027      17.47    0.03
Task 19 of 32 (0,0,0,0,1,3)  R03-M1-N00-J07 019  Task 28 of 32 (0,0,0,0,1,12)  R03-M1-N00-J07 028      17.53    0.02
Task 19 of 32 (0,0,0,0,1,3)  R03-M1-N00-J07 019  Task 29 of 32 (0,0,0,0,1,13)  R03-M1-N00-J07 029      17.55    0.02
Task 19 of 32 (0,0,0,0,1,3)  R03-M1-N00-J07 019  Task 30 of 32 (0,0,0,0,1,14)  R03-M1-N00-J07 030      17.52    0.03
Task 19 of 32 (0,0,0,0,1,3)  R03-M1-N00-J07 019  Task 31 of 32 (0,0,0,0,1,15)  R03-M1-N00-J07 031      17.57    0.02
Task 20 of 32 (0,0,0,0,1,4)  R03-M1-N00-J07 020  Task 20 of 32 (0,0,0,0,1,4)  R03-M1-N00-J07 020       0.00    0.00
Task 20 of 32 (0,0,0,0,1,4)  R03-M1-N00-J07 020  Task 21 of 32 (0,0,0,0,1,5)  R03-M1-N00-J07 021      17.49    0.03
Task 20 of 32 (0,0,0,0,1,4)  R03-M1-N00-J07 020  Task 22 of 32 (0,0,0,0,1,6)  R03-M1-N00-J07 022      17.67    0.02
Task 20 of 32 (0,0,0,0,1,4)  R03-M1-N00-J07 020  Task 23 of 32 (0,0,0,0,1,7)  R03-M1-N00-J07 023      17.42    0.03
Task 20 of 32 (0,0,0,0,1,4)  R03-M1-N00-J07 020  Task 24 of 32 (0,0,0,0,1,8)  R03-M1-N00-J07 024      17.66    0.03
Task 20 of 32 (0,0,0,0,1,4)  R03-M1-N00-J07 020  Task 25 of 32 (0,0,0,0,1,9)  R03-M1-N00-J07 025      17.62    0.02
Task 20 of 32 (0,0,0,0,1,4)  R03-M1-N00-J07 020  Task 26 of 32 (0,0,0,0,1,10)  R03-M1-N00-J07 026      17.48    0.03
Task 20 of 32 (0,0,0,0,1,4)  R03-M1-N00-J07 020  Task 27 of 32 (0,0,0,0,1,11)  R03-M1-N00-J07 027      17.48    0.03
Task 20 of 32 (0,0,0,0,1,4)  R03-M1-N00-J07 020  Task 28 of 32 (0,0,0,0,1,12)  R03-M1-N00-J07 028      17.56    0.02
Task 20 of 32 (0,0,0,0,1,4)  R03-M1-N00-J07 020  Task 29 of 32 (0,0,0,0,1,13)  R03-M1-N00-J07 029      17.55    0.02
Task 20 of 32 (0,0,0,0,1,4)  R03-M1-N00-J07 020  Task 30 of 32 (0,0,0,0,1,14)  R03-M1-N00-J07 030      17.49    0.03
Task 20 of 32 (0,0,0,0,1,4)  R03-M1-N00-J07 020  Task 31 of 32 (0,0,0,0,1,15)  R03-M1-N00-J07 031      17.56    0.02
Task 21 of 32 (0,0,0,0,1,5)  R03-M1-N00-J07 021  Task 21 of 32 (0,0,0,0,1,5)  R03-M1-N00-J07 021       0.00    0.00
Task 21 of 32 (0,0,0,0,1,5)  R03-M1-N00-J07 021  Task 22 of 32 (0,0,0,0,1,6)  R03-M1-N00-J07 022      17.49    0.03
Task 21 of 32 (0,0,0,0,1,5)  R03-M1-N00-J07 021  Task 23 of 32 (0,0,0,0,1,7)  R03-M1-N00-J07 023      17.60    0.02
Task 21 of 32 (0,0,0,0,1,5)  R03-M1-N00-J07 021  Task 24 of 32 (0,0,0,0,1,8)  R03-M1-N00-J07 024      17.72    0.03
Task 21 of 32 (0,0,0,0,1,5)  R03-M1-N00-J07 021  Task 25 of 32 (0,0,0,0,1,9)  R03-M1-N00-J07 025      17.59    0.03
Task 21 of 32 (0,0,0,0,1,5)  R03-M1-N00-J07 021  Task 26 of 32 (0,0,0,0,1,10)  R03-M1-N00-J07 026      17.54    0.03
Task 21 of 32 (0,0,0,0,1,5)  R03-M1-N00-J07 021  Task 27 of 32 (0,0,0,0,1,11)  R03-M1-N00-J07 027      17.51    0.03
Task 21 of 32 (0,0,0,0,1,5)  R03-M1-N00-J07 021  Task 28 of 32 (0,0,0,0,1,12)  R03-M1-N00-J07 028      17.57    0.02
Task 21 of 32 (0,0,0,0,1,5)  R03-M1-N00-J07 021  Task 29 of 32 (0,0,0,0,1,13)  R03-M1-N00-J07 029      17.59    0.02
Task 21 of 32 (0,0,0,0,1,5)  R03-M1-N00-J07 021  Task 30 of 32 (0,0,0,0,1,14)  R03-M1-N00-J07 030      17.56    0.02
Task 21 of 32 (0,0,0,0,1,5)  R03-M1-N00-J07 021  Task 31 of 32 (0,0,0,0,1,15)  R03-M1-N00-J07 031      17.60    0.02
Task 22 of 32 (0,0,0,0,1,6)  R03-M1-N00-J07 022  Task 22 of 32 (0,0,0,0,1,6)  R03-M1-N00-J07 022       0.00    0.00
Task 22 of 32 (0,0,0,0,1,6)  R03-M1-N00-J07 022  Task 23 of 32 (0,0,0,0,1,7)  R03-M1-N00-J07 023      17.60    0.02
Task 22 of 32 (0,0,0,0,1,6)  R03-M1-N00-J07 022  Task 24 of 32 (0,0,0,0,1,8)  R03-M1-N00-J07 024      17.90    0.03
Task 22 of 32 (0,0,0,0,1,6)  R03-M1-N00-J07 022  Task 25 of 32 (0,0,0,0,1,9)  R03-M1-N00-J07 025      17.59    0.03
Task 22 of 32 (0,0,0,0,1,6)  R03-M1-N00-J07 022  Task 26 of 32 (0,0,0,0,1,10)  R03-M1-N00-J07 026      17.53    0.03
Task 22 of 32 (0,0,0,0,1,6)  R03-M1-N00-J07 022  Task 27 of 32 (0,0,0,0,1,11)  R03-M1-N00-J07 027      17.61    0.03
Task 22 of 32 (0,0,0,0,1,6)  R03-M1-N00-J07 022  Task 28 of 32 (0,0,0,0,1,12)  R03-M1-N00-J07 028      17.53    0.02
Task 22 of 32 (0,0,0,0,1,6)  R03-M1-N00-J07 022  Task 29 of 32 (0,0,0,0,1,13)  R03-M1-N00-J07 029      17.56    0.03
Task 22 of 32 (0,0,0,0,1,6)  R03-M1-N00-J07 022  Task 30 of 32 (0,0,0,0,1,14)  R03-M1-N00-J07 030      17.62    0.02
Task 22 of 32 (0,0,0,0,1,6)  R03-M1-N00-J07 022  Task 31 of 32 (0,0,0,0,1,15)  R03-M1-N00-J07 031      17.62    0.03
Task 23 of 32 (0,0,0,0,1,7)  R03-M1-N00-J07 023  Task 23 of 32 (0,0,0,0,1,7)  R03-M1-N00-J07 023       0.00    0.00
Task 23 of 32 (0,0,0,0,1,7)  R03-M1-N00-J07 023  Task 24 of 32 (0,0,0,0,1,8)  R03-M1-N00-J07 024      17.72    0.03
Task 23 of 32 (0,0,0,0,1,7)  R03-M1-N00-J07 023  Task 25 of 32 (0,0,0,0,1,9)  R03-M1-N00-J07 025      17.67    0.03
Task 23 of 32 (0,0,0,0,1,7)  R03-M1-N00-J07 023  Task 26 of 32 (0,0,0,0,1,10)  R03-M1-N00-J07 026      17.54    0.03
Task 23 of 32 (0,0,0,0,1,7)  R03-M1-N00-J07 023  Task 27 of 32 (0,0,0,0,1,11)  R03-M1-N00-J07 027      17.55    0.03
Task 23 of 32 (0,0,0,0,1,7)  R03-M1-N00-J07 023  Task 28 of 32 (0,0,0,0,1,12)  R03-M1-N00-J07 028      17.68    0.02
Task 23 of 32 (0,0,0,0,1,7)  R03-M1-N00-J07 023  Task 29 of 32 (0,0,0,0,1,13)  R03-M1-N00-J07 029      17.60    0.02
Task 23 of 32 (0,0,0,0,1,7)  R03-M1-N00-J07 023  Task 30 of 32 (0,0,0,0,1,14)  R03-M1-N00-J07 030      17.60    0.03
Task 23 of 32 (0,0,0,0,1,7)  R03-M1-N00-J07 023  Task 31 of 32 (0,0,0,0,1,15)  R03-M1-N00-J07 031      17.63    0.02
Task 24 of 32 (0,0,0,0,1,8)  R03-M1-N00-J07 024  Task 24 of 32 (0,0,0,0,1,8)  R03-M1-N00-J07 024       0.00    0.00
Task 24 of 32 (0,0,0,0,1,8)  R03-M1-N00-J07 024  Task 25 of 32 (0,0,0,0,1,9)  R03-M1-N00-J07 025      17.69    0.03
Task 24 of 32 (0,0,0,0,1,8)  R03-M1-N00-J07 024  Task 26 of 32 (0,0,0,0,1,10)  R03-M1-N00-J07 026      17.73    0.02
Task 24 of 32 (0,0,0,0,1,8)  R03-M1-N00-J07 024  Task 27 of 32 (0,0,0,0,1,11)  R03-M1-N00-J07 027      17.56    0.02
Task 24 of 32 (0,0,0,0,1,8)  R03-M1-N00-J07 024  Task 28 of 32 (0,0,0,0,1,12)  R03-M1-N00-J07 028      17.72    0.02
Task 24 of 32 (0,0,0,0,1,8)  R03-M1-N00-J07 024  Task 29 of 32 (0,0,0,0,1,13)  R03-M1-N00-J07 029      17.64    0.02
Task 24 of 32 (0,0,0,0,1,8)  R03-M1-N00-J07 024  Task 30 of 32 (0,0,0,0,1,14)  R03-M1-N00-J07 030      17.67    0.03
Task 24 of 32 (0,0,0,0,1,8)  R03-M1-N00-J07 024  Task 31 of 32 (0,0,0,0,1,15)  R03-M1-N00-J07 031      17.61    0.02
Task 25 of 32 (0,0,0,0,1,9)  R03-M1-N00-J07 025  Task 25 of 32 (0,0,0,0,1,9)  R03-M1-N00-J07 025       0.00    0.00
Task 25 of 32 (0,0,0,0,1,9)  R03-M1-N00-J07 025  Task 26 of 32 (0,0,0,0,1,10)  R03-M1-N00-J07 026      17.61    0.02
Task 25 of 32 (0,0,0,0,1,9)  R03-M1-N00-J07 025  Task 27 of 32 (0,0,0,0,1,11)  R03-M1-N00-J07 027      17.65    0.03
Task 25 of 32 (0,0,0,0,1,9)  R03-M1-N00-J07 025  Task 28 of 32 (0,0,0,0,1,12)  R03-M1-N00-J07 028      17.54    0.03
Task 25 of 32 (0,0,0,0,1,9)  R03-M1-N00-J07 025  Task 29 of 32 (0,0,0,0,1,13)  R03-M1-N00-J07 029      17.57    0.03
Task 25 of 32 (0,0,0,0,1,9)  R03-M1-N00-J07 025  Task 30 of 32 (0,0,0,0,1,14)  R03-M1-N00-J07 030      17.70    0.03
Task 25 of 32 (0,0,0,0,1,9)  R03-M1-N00-J07 025  Task 31 of 32 (0,0,0,0,1,15)  R03-M1-N00-J07 031      17.78    0.02
Task 26 of 32 (0,0,0,0,1,10)  R03-M1-N00-J07 026  Task 26 of 32 (0,0,0,0,1,10)  R03-M1-N00-J07 026       0.00    0.00
Task 26 of 32 (0,0,0,0,1,10)  R03-M1-N00-J07 026  Task 27 of 32 (0,0,0,0,1,11)  R03-M1-N00-J07 027      17.65    0.03
Task 26 of 32 (0,0,0,0,1,10)  R03-M1-N00-J07 026  Task 28 of 32 (0,0,0,0,1,12)  R03-M1-N00-J07 028      17.72    0.03
Task 26 of 32 (0,0,0,0,1,10)  R03-M1-N00-J07 026  Task 29 of 32 (0,0,0,0,1,13)  R03-M1-N00-J07 029      17.59    0.03
Task 26 of 32 (0,0,0,0,1,10)  R03-M1-N00-J07 026  Task 30 of 32 (0,0,0,0,1,14)  R03-M1-N00-J07 030      17.57    0.03
Task 26 of 32 (0,0,0,0,1,10)  R03-M1-N00-J07 026  Task 31 of 32 (0,0,0,0,1,15)  R03-M1-N00-J07 031      17.55    0.03
Task 27 of 32 (0,0,0,0,1,11)  R03-M1-N00-J07 027  Task 27 of 32 (0,0,0,0,1,11)  R03-M1-N00-J07 027       0.00    0.00
Task 27 of 32 (0,0,0,0,1,11)  R03-M1-N00-J07 027  Task 28 of 32 (0,0,0,0,1,12)  R03-M1-N00-J07 028      17.74    0.03
Task 27 of 32 (0,0,0,0,1,11)  R03-M1-N00-J07 027  Task 29 of 32 (0,0,0,0,1,13)  R03-M1-N00-J07 029      17.62    0.02
Task 27 of 32 (0,0,0,0,1,11)  R03-M1-N00-J07 027  Task 30 of 32 (0,0,0,0,1,14)  R03-M1-N00-J07 030      17.65    0.03
Task 27 of 32 (0,0,0,0,1,11)  R03-M1-N00-J07 027  Task 31 of 32 (0,0,0,0,1,15)  R03-M1-N00-J07 031      17.61    0.03
Task 28 of 32 (0,0,0,0,1,12)  R03-M1-N00-J07 028  Task 28 of 32 (0,0,0,0,1,12)  R03-M1-N00-J07 028       0.00    0.00
Task 28 of 32 (0,0,0,0,1,12)  R03-M1-N00-J07 028  Task 29 of 32 (0,0,0,0,1,13)  R03-M1-N00-J07 029      17.57    0.03
Task 28 of 32 (0,0,0,0,1,12)  R03-M1-N00-J07 028  Task 30 of 32 (0,0,0,0,1,14)  R03-M1-N00-J07 030      17.75    0.02
Task 28 of 32 (0,0,0,0,1,12)  R03-M1-N00-J07 028  Task 31 of 32 (0,0,0,0,1,15)  R03-M1-N00-J07 031      17.60    0.02
Task 29 of 32 (0,0,0,0,1,13)  R03-M1-N00-J07 029  Task 29 of 32 (0,0,0,0,1,13)  R03-M1-N00-J07 029       0.00    0.00
Task 29 of 32 (0,0,0,0,1,13)  R03-M1-N00-J07 029  Task 30 of 32 (0,0,0,0,1,14)  R03-M1-N00-J07 030      17.62    0.02
Task 29 of 32 (0,0,0,0,1,13)  R03-M1-N00-J07 029  Task 31 of 32 (0,0,0,0,1,15)  R03-M1-N00-J07 031      17.72    0.02
Task 30 of 32 (0,0,0,0,1,14)  R03-M1-N00-J07 030  Task 30 of 32 (0,0,0,0,1,14)  R03-M1-N00-J07 030       0.00    0.00
Task 30 of 32 (0,0,0,0,1,14)  R03-M1-N00-J07 030  Task 31 of 32 (0,0,0,0,1,15)  R03-M1-N00-J07 031      17.59    0.03
Task 31 of 32 (0,0,0,0,1,15)  R03-M1-N00-J07 031  Task 31 of 32 (0,0,0,0,1,15)  R03-M1-N00-J07 031       0.00    0.00
