0.0, 0.4, 0.18, 0.18, 0.18, 0.18, 0.18, 0.18, 0.18, 0.18, 0.18, 0.18, 0.18, 0.18, 0.18, 0.18, 0.18, 0.18, 0.17, 0.18, 0.18, 0.18, 0.18, 0.18, 0.18, 0.18, 0.18, 0.18, 0.18, 0.18, 0.18, 0.18, 0.18, 0.18, 0.18, 0.18, 0.18, 0.18, 0.18, 0.18, 0.18, 0.18, 0.18, 0.18, 0.18, 0.18, 0.18, 0.18, 0.18, 0.18, 0.18, 0.18, 0.18, 0.18, 0.18, 0.18, 0.19, 0.18, 0.18, 0.19, 0.19, 0.19, 0.19, 0.18
0.4, 0.0, 0.03, 0.03, 0.03, 0.02, 0.03, 0.02, 0.03, 0.03, 0.03, 0.03, 0.03, 0.03, 0.03, 0.03, 0.03, 0.03, 0.03, 0.03, 0.03, 0.03, 0.03, 0.03, 0.03, 0.03, 0.03, 0.02, 0.03, 0.03, 0.03, 0.02, 0.03, 0.03, 0.03, 0.03, 0.03, 0.02, 0.03, 0.03, 0.03, 0.03, 0.03, 0.03, 0.03, 0.03, 0.03, 0.03, 0.03, 0.03, 0.03, 0.03, 0.03, 0.03, 0.03, 0.03, 0.03, 0.02, 0.03, 0.03, 0.03, 0.03, 0.03, 0.02
0.18, 0.03, 0.0, 0.03, 0.03, 0.03, 0.03, 0.03, 0.03, 0.03, 0.03, 0.03, 0.02, 0.03, 0.03, 0.03, 0.03, 0.03, 0.02, 0.03, 0.03, 0.03, 0.02, 0.03, 0.02, 0.03, 0.02, 0.03, 0.03, 0.03, 0.03, 0.03, 0.03, 0.03, 0.03, 0.03, 0.02, 0.03, 0.02, 0.03, 0.03, 0.03, 0.02, 0.03, 0.03, 0.03, 0.02, 0.03, 0.03, 0.03, 0.03, 0.03, 0.03, 0.02, 0.02, 0.03, 0.03, 0.03, 0.02, 0.03, 0.03, 0.03, 0.03, 0.03
0.18, 0.03, 0.03, 0.0, 0.03, 0.03, 0.03, 0.02, 0.02, 0.03, 0.03, 0.03, 0.03, 0.03, 0.03, 0.03, 0.02, 0.03, 0.03, 0.02, 0.03, 0.03, 0.03, 0.03, 0.03, 0.03, 0.03, 0.02, 0.03, 0.03, 0.03, 0.03, 0.03, 0.03, 0.03, 0.03, 0.03, 0.02, 0.03, 0.02, 0.03, 0.03, 0.03, 0.03, 0.03, 0.03, 0.03, 0.03, 0.03, 0.03, 0.03, 0.03, 0.03, 0.03, 0.03, 0.03, 0.03, 0.03, 0.03, 0.03, 0.02, 0.03, 0.03, 0.03
0.18, 0.03, 0.03, 0.03, 0.0, 0.03, 0.03, 0.03, 0.03, 0.03, 0.03, 0.02, 0.02, 0.03, 0.03, 0.03, 0.03, 0.03, 0.03, 0.03, 0.03, 0.02, 0.02, 0.03, 0.03, 0.03, 0.02, 0.03, 0.02, 0.03, 0.03, 0.03, 0.03, 0.03, 0.02, 0.03, 0.03, 0.02, 0.02, 0.03, 0.03, 0.02, 0.03, 0.03, 0.03, 0.03, 0.03, 0.03, 0.03, 0.02, 0.02, 0.03, 0.03, 0.03, 0.03, 0.03, 0.02, 0.03, 0.03, 0.03, 0.03, 0.03, 0.03, 0.03
0.18, 0.02, 0.03, 0.03, 0.03, 0.0, 0.03, 0.02, 0.02, 0.03, 0.03, 0.03, 0.02, 0.03, 0.02, 0.03, 0.03, 0.03, 0.03, 0.03, 0.03, 0.03, 0.03, 0.03, 0.03, 0.03, 0.03, 0.02, 0.03, 0.03, 0.03, 0.03, 0.03, 0.03, 0.03, 0.02, 0.02, 0.02, 0.03, 0.03, 0.03, 0.02, 0.03, 0.02, 0.03, 0.03, 0.03, 0.03, 0.03, 0.03, 0.02, 0.03, 0.03, 0.03, 0.03, 0.03, 0.03, 0.03, 0.02, 0.03, 0.03, 0.03, 0.03, 0.03
0.18, 0.03, 0.03, 0.03, 0.03, 0.03, 0.0, 0.03, 0.03, 0.03, 0.03, 0.03, 0.03, 0.03, 0.03, 0.03, 0.02, 0.03, 0.03, 0.02, 0.03, 0.03, 0.03, 0.03, 0.02, 0.02, 0.02, 0.03, 0.03, 0.03, 0.03, 0.02, 0.03, 0.03, 0.03, 0.03, 0.03, 0.02, 0.03, 0.03, 0.02, 0.03, 0.02, 0.02, 0.03, 0.03, 0.03, 0.03, 0.03, 0.03, 0.03, 0.03, 0.03, 0.02, 0.03, 0.02, 0.02, 0.03, 0.02, 0.03, 0.02, 0.03, 0.03, 0.03
0.18, 0.02, 0.03, 0.02, 0.03, 0.02, 0.03, 0.0, 0.03, 0.03, 0.02, 0.02, 0.02, 0.03, 0.03, 0.02, 0.03, 0.03, 0.02, 0.03, 0.03, 0.03, 0.03, 0.03, 0.02, 0.02, 0.03, 0.02, 0.03, 0.03, 0.03, 0.03, 0.02, 0.02, 0.03, 0.02, 0.03, 0.03, 0.02, 0.03, 0.03, 0.03, 0.03, 0.03, 0.02, 0.03, 0.03, 0.02, 0.03, 0.03, 0.03, 0.03, 0.02, 0.03, 0.02, 0.02, 0.03, 0.02, 0.02, 0.03, 0.03, 0.03, 0.03, 0.03
0.18, 0.03, 0.03, 0.02, 0.03, 0.02, 0.03, 0.03, 0.0, 0.02, 0.03, 0.03, 0.03, 0.03, 0.03, 0.02, 0.02, 0.02, 0.03, 0.02, 0.03, 0.03, 0.02, 0.03, 0.03, 0.02, 0.02, 0.03, 0.03, 0.03, 0.03, 0.02, 0.03, 0.02, 0.02, 0.03, 0.03, 0.03, 0.03, 0.03, 0.03, 0.02, 0.03, 0.03, 0.03, 0.03, 0.03, 0.03, 0.03, 0.03, 0.03, 0.02, 0.03, 0.03, 0.03, 0.03, 0.03, 0.03, 0.03, 0.02, 0.03, 0.03, 0.03, 0.02
0.18, 0.03, 0.03, 0.03, 0.03, 0.03, 0.03, 0.03, 0.02, 0.0, 0.03, 0.03, 0.02, 0.02, 0.02, 0.03, 0.03, 0.03, 0.03, 0.03, 0.03, 0.03, 0.03, 0.03, 0.03, 0.03, 0.03, 0.03, 0.03, 0.03, 0.03, 0.03, 0.02, 0.03, 0.03, 0.03, 0.03, 0.03, 0.03, 0.03, 0.03, 0.02, 0.03, 0.03, 0.03, 0.03, 0.03, 0.03, 0.03, 0.02, 0.03, 0.03, 0.03, 0.03, 0.02, 0.03, 0.02, 0.03, 0.03, 0.03, 0.03, 0.03, 0.03, 0.02
0.18, 0.03, 0.03, 0.03, 0.03, 0.03, 0.03, 0.02, 0.03, 0.03, 0.0, 0.03, 0.03, 0.02, 0.03, 0.02, 0.02, 0.03, 0.03, 0.03, 0.02, 0.03, 0.03, 0.03, 0.03, 0.03, 0.03, 0.03, 0.03, 0.03, 0.03, 0.03, 0.03, 0.03, 0.03, 0.03, 0.02, 0.03, 0.03, 0.03, 0.03, 0.02, 0.03, 0.03, 0.03, 0.03, 0.03, 0.03, 0.03, 0.02, 0.03, 0.03, 0.03, 0.02, 0.03, 0.03, 0.03, 0.03, 0.03, 0.03, 0.03, 0.03, 0.03, 0.03
0.18, 0.03, 0.03, 0.03, 0.02, 0.03, 0.03, 0.02, 0.03, 0.03, 0.03, 0.0, 0.03, 0.03, 0.02, 0.02, 0.03, 0.02, 0.03, 0.03, 0.02, 0.03, 0.03, 0.02, 0.02, 0.03, 0.03, 0.02, 0.03, 0.02, 0.03, 0.03, 0.03, 0.03, 0.03, 0.02, 0.03, 0.02, 0.03, 0.03, 0.03, 0.02, 0.03, 0.02, 0.03, 0.03, 0.03, 0.02, 0.03, 0.03, 0.03, 0.03, 0.03, 0.03, 0.02, 0.03, 0.03, 0.03, 0.03, 0.03, 0.02, 0.03, 0.03, 0.02
0.18, 0.03, 0.02, 0.03, 0.02, 0.02, 0.03, 0.02, 0.03, 0.02, 0.03, 0.03, 0.0, 0.03, 0.03, 0.03, 0.03, 0.02, 0.03, 0.03, 0.03, 0.03, 0.02, 0.02, 0.03, 0.03, 0.02, 0.03, 0.03, 0.03, 0.03, 0.03, 0.02, 0.03, 0.03, 0.03, 0.03, 0.03, 0.03, 0.02, 0.03, 0.03, 0.03, 0.03, 0.03, 0.03, 0.03, 0.03, 0.03, 0.03, 0.03, 0.02, 0.02, 0.03, 0.02, 0.03, 0.03, 0.02, 0.02, 0.03, 0.03, 0.03, 0.03, 0.03
0.18, 0.03, 0.03, 0.03, 0.03, 0.03, 0.03, 0.03, 0.03, 0.02, 0.02, 0.03, 0.03, 0.0, 0.03, 0.03, 0.02, 0.03, 0.03, 0.03, 0.03, 0.03, 0.03, 0.03, 0.02, 0.03, 0.03, 0.03, 0.03, 0.02, 0.03, 0.03, 0.03, 0.03, 0.03, 0.03, 0.03, 0.03, 0.03, 0.03, 0.03, 0.03, 0.03, 0.03, 0.03, 0.02, 0.03, 0.03, 0.03, 0.03, 0.03, 0.03, 0.03, 0.03, 0.03, 0.02, 0.03, 0.03, 0.03, 0.03, 0.03, 0.03, 0.02, 0.03
0.18, 0.03, 0.03, 0.03, 0.03, 0.02, 0.03, 0.03, 0.03, 0.02, 0.03, 0.02, 0.03, 0.03, 0.0, 0.03, 0.03, 0.03, 0.02, 0.03, 0.03, 0.03, 0.02, 0.02, 0.02, 0.03, 0.03, 0.03, 0.03, 0.03, 0.03, 0.03, 0.02, 0.03, 0.03, 0.03, 0.03, 0.03, 0.03, 0.03, 0.03, 0.03, 0.03, 0.03, 0.03, 0.03, 0.03, 0.03, 0.02, 0.03, 0.03, 0.03, 0.03, 0.03, 0.03, 0.03, 0.03, 0.03, 0.03, 0.02, 0.02, 0.03, 0.03, 0.02
0.18, 0.03, 0.03, 0.03, 0.03, 0.03, 0.03, 0.02, 0.02, 0.03, 0.02, 0.02, 0.03, 0.03, 0.03, 0.0, 0.02, 0.03, 0.02, 0.03, 0.02, 0.03, 0.02, 0.03, 0.02, 0.03, 0.03, 0.03, 0.03, 0.03, 0.03, 0.02, 0.03, 0.03, 0.03, 0.03, 0.02, 0.03, 0.02, 0.03, 0.02, 0.02, 0.03, 0.03, 0.03, 0.03, 0.03, 0.03, 0.02, 0.03, 0.03, 0.03, 0.03, 0.03, 0.03, 0.03, 0.03, 0.02, 0.03, 0.03, 0.03, 0.03, 0.03, 0.02
0.18, 0.03, 0.03, 0.02, 0.03, 0.03, 0.02, 0.03, 0.02, 0.03, 0.02, 0.03, 0.03, 0.02, 0.03, 0.02, 0.0, 0.03, 0.03, 0.03, 0.03, 0.02, 0.03, 0.02, 0.03, 0.03, 0.03, 0.03, 0.03, 0.03, 0.03, 0.03, 0.03, 0.03, 0.03, 0.02, 0.02, 0.03, 0.03, 0.03, 0.03, 0.03, 0.02, 0.03, 0.03, 0.03, 0.03, 0.03, 0.03, 0.03, 0.03, 0.03, 0.03, 0.03, 0.03, 0.02, 0.03, 0.03, 0.03, 0.03, 0.03, 0.03, 0.03, 0.03
0.18, 0.03, 0.03, 0.03, 0.03, 0.03, 0.03, 0.03, 0.02, 0.03, 0.03, 0.02, 0.02, 0.03, 0.03, 0.03, 0.03, 0.0, 0.03, 0.03, 0.02, 0.02, 0.02, 0.02, 0.03, 0.03, 0.02, 0.02, 0.03, 0.03, 0.02, 0.02, 0.03, 0.03, 0.03, 0.03, 0.03, 0.03, 0.03, 0.02, 0.03, 0.03, 0.03, 0.03, 0.03, 0.03, 0.03, 0.03, 0.03, 0.02, 0.03, 0.03, 0.03, 0.03, 0.02, 0.03, 0.03, 0.03, 0.02, 0.03, 0.03, 0.03, 0.03, 0.03
0.17, 0.03, 0.02, 0.03, 0.03, 0.03, 0.03, 0.02, 0.03, 0.03, 0.03, 0.03, 0.03, 0.03, 0.02, 0.02, 0.03, 0.03, 0.0, 0.03, 0.03, 0.03, 0.03, 0.02, 0.03, 0.03, 0.03, 0.03, 0.02, 0.03, 0.03, 0.03, 0.03, 0.03, 0.03, 0.02, 0.02, 0.03, 0.03, 0.03, 0.03, 0.02, 0.03, 0.03, 0.03, 0.03, 0.03, 0.03, 0.03, 0.02, 0.03, 0.03, 0.02, 0.03, 0.03, 0.03, 0.03, 0.02, 0.03, 0.03, 0.03, 0.03, 0.03, 0.03
0.18, 0.03, 0.03, 0.02, 0.03, 0.03, 0.02, 0.03, 0.02, 0.03, 0.03, 0.03, 0.03, 0.03, 0.03, 0.03, 0.03, 0.03, 0.03, 0.0, 0.03, 0.03, 0.02, 0.03, 0.02, 0.03, 0.02, 0.03, 0.03, 0.03, 0.03, 0.03, 0.03, 0.03, 0.03, 0.02, 0.03, 0.03, 0.03, 0.03, 0.03, 0.03, 0.03, 0.03, 0.03, 0.03, 0.03, 0.03, 0.03, 0.03, 0.03, 0.02, 0.03, 0.02, 0.03, 0.03, 0.03, 0.03, 0.02, 0.03, 0.03, 0.02, 0.03, 0.03
0.18, 0.03, 0.03, 0.03, 0.03, 0.03, 0.03, 0.03, 0.03, 0.03, 0.02, 0.02, 0.03, 0.03, 0.03, 0.02, 0.03, 0.02, 0.03, 0.03, 0.0, 0.03, 0.02, 0.03, 0.03, 0.02, 0.03, 0.03, 0.03, 0.03, 0.02, 0.03, 0.03, 0.02, 0.03, 0.02, 0.03, 0.03, 0.03, 0.03, 0.03, 0.03, 0.03, 0.03, 0.03, 0.03, 0.03, 0.03, 0.03, 0.03, 0.03, 0.03, 0.02, 0.03, 0.02, 0.03, 0.03, 0.02, 0.03, 0.03, 0.02, 0.03, 0.03, 0.02
0.18, 0.03, 0.03, 0.03, 0.02, 0.03, 0.03, 0.03, 0.03, 0.03, 0.03, 0.03, 0.03, 0.03, 0.03, 0.03, 0.02, 0.02, 0.03, 0.03, 0.03, 0.0, 0.03, 0.03, 0.02, 0.03, 0.02, 0.03, 0.03, 0.03, 0.02, 0.03, 0.03, 0.02, 0.03, 0.03, 0.03, 0.03, 0.03, 0.03, 0.03, 0.03, 0.03, 0.03, 0.03, 0.03, 0.03, 0.03, 0.03, 0.03, 0.02, 0.03, 0.03, 0.02, 0.03, 0.02, 0.03, 0.02, 0.02, 0.03, 0.02, 0.03, 0.03, 0.02
0.18, 0.03, 0.02, 0.03, 0.02, 0.03, 0.03, 0.03, 0.02, 0.03, 0.03, 0.03, 0.02, 0.03, 0.02, 0.02, 0.03, 0.02, 0.03, 0.02, 0.02, 0.03, 0.0, 0.03, 0.03, 0.03, 0.03, 0.03, 0.03, 0.03, 0.03, 0.03, 0.03, 0.03, 0.03, 0.03, 0.03, 0.03, 0.03, 0.03, 0.02, 0.02, 0.03, 0.03, 0.03, 0.03, 0.03, 0.03, 0.02, 0.02, 0.03, 0.02, 0.03, 0.03, 0.02, 0.03, 0.03, 0.03, 0.03, 0.03, 0.03, 0.02, 0.03, 0.03
0.18, 0.03, 0.03, 0.03, 0.03, 0.03, 0.03, 0.03, 0.03, 0.03, 0.03, 0.02, 0.02, 0.03, 0.02, 0.03, 0.02, 0.02, 0.02, 0.03, 0.03, 0.03, 0.03, 0.0, 0.03, 0.03, 0.03, 0.03, 0.02, 0.03, 0.03, 0.03, 0.02, 0.02, 0.03, 0.03, 0.03, 0.03, 0.02, 0.03, 0.03, 0.03, 0.03, 0.03, 0.03, 0.02, 0.03, 0.03, 0.03, 0.02, 0.03, 0.03, 0.03, 0.03, 0.03, 0.02, 0.03, 0.03, 0.03, 0.03, 0.03, 0.03, 0.02, 0.03
0.18, 0.03, 0.02, 0.03, 0.03, 0.03, 0.02, 0.02, 0.03, 0.03, 0.03, 0.02, 0.03, 0.02, 0.02, 0.02, 0.03, 0.03, 0.03, 0.02, 0.03, 0.02, 0.03, 0.03, 0.0, 0.03, 0.03, 0.03, 0.03, 0.03, 0.03, 0.02, 0.03, 0.03, 0.02, 0.02, 0.03, 0.03, 0.02, 0.03, 0.03, 0.03, 0.03, 0.03, 0.03, 0.03, 0.02, 0.03, 0.03, 0.03, 0.03, 0.03, 0.03, 0.02, 0.02, 0.02, 0.03, 0.03, 0.02, 0.03, 0.03, 0.02, 0.02, 0.02
0.18, 0.03, 0.03, 0.03, 0.03, 0.03, 0.02, 0.02, 0.02, 0.03, 0.03, 0.03, 0.03, 0.03, 0.03, 0.03, 0.03, 0.03, 0.03, 0.03, 0.02, 0.03, 0.03, 0.03, 0.03, 0.0, 0.03, 0.03, 0.02, 0.02, 0.02, 0.03, 0.03, 0.02, 0.03, 0.02, 0.03, 0.03, 0.02, 0.03, 0.03, 0.02, 0.03, 0.02, 0.03, 0.03, 0.03, 0.02, 0.03, 0.03, 0.03, 0.03, 0.03, 0.03, 0.03, 0.03, 0.03, 0.02, 0.03, 0.03, 0.03, 0.03, 0.03, 0.02
0.18, 0.03, 0.02, 0.03, 0.02, 0.03, 0.02, 0.03, 0.02, 0.03, 0.03, 0.03, 0.02, 0.03, 0.03, 0.03, 0.03, 0.02, 0.03, 0.02, 0.03, 0.02, 0.03, 0.03, 0.03, 0.03, 0.0, 0.03, 0.03, 0.03, 0.02, 0.03, 0.02, 0.03, 0.02, 0.02, 0.03, 0.02, 0.02, 0.03, 0.03, 0.03, 0.03, 0.03, 0.03, 0.03, 0.03, 0.03, 0.03, 0.02, 0.03, 0.03, 0.03, 0.02, 0.03, 0.03, 0.03, 0.03, 0.03, 0.03, 0.02, 0.03, 0.03, 0.03
0.18, 0.02, 0.03, 0.02, 0.03, 0.02, 0.03, 0.02, 0.03, 0.03, 0.03, 0.02, 0.03, 0.03, 0.03, 0.03, 0.03, 0.02, 0.03, 0.03, 0.03, 0.03, 0.03, 0.03, 0.03, 0.03, 0.03, 0.0, 0.03, 0.02, 0.02, 0.03, 0.02, 0.03, 0.02, 0.02, 0.02, 0.03, 0.02, 0.02, 0.02, 0.02, 0.03, 0.03, 0.03, 0.03, 0.02, 0.03, 0.02, 0.03, 0.02, 0.03, 0.03, 0.03, 0.03, 0.03, 0.03, 0.03, 0.03, 0.03, 0.03, 0.02, 0.03, 0.02
0.18, 0.03, 0.03, 0.03, 0.02, 0.03, 0.03, 0.03, 0.03, 0.03, 0.03, 0.03, 0.03, 0.03, 0.03, 0.03, 0.03, 0.03, 0.02, 0.03, 0.03, 0.03, 0.03, 0.02, 0.03, 0.02, 0.03, 0.03, 0.0, 0.03, 0.03, 0.03, 0.03, 0.03, 0.02, 0.03, 0.03, 0.03, 0.02, 0.02, 0.03, 0.02, 0.03, 0.03, 0.03, 0.03, 0.03, 0.03, 0.03, 0.03, 0.03, 0.02, 0.03, 0.03, 0.03, 0.03, 0.03, 0.03, 0.03, 0.03, 0.03, 0.03, 0.02, 0.02
0.18, 0.03, 0.03, 0.03, 0.03, 0.03, 0.03, 0.03, 0.03, 0.03, 0.03, 0.02, 0.03, 0.02, 0.03, 0.03, 0.03, 0.03, 0.03, 0.03, 0.03, 0.03, 0.03, 0.03, 0.03, 0.02, 0.03, 0.02, 0.03, 0.0, 0.03, 0.02, 0.03, 0.03, 0.02, 0.02, 0.02, 0.02, 0.03, 0.03, 0.03, 0.03, 0.03, 0.03, 0.03, 0.03, 0.03, 0.02, 0.03, 0.03, 0.03, 0.03, 0.02, 0.03, 0.03, 0.03, 0.03, 0.03, 0.03, 0.03, 0.02, 0.02, 0.02, 0.02
0.18, 0.03, 0.03, 0.03, 0.03, 0.03, 0.03, 0.03, 0.03, 0.03, 0.03, 0.03, 0.03, 0.03, 0.03, 0.03, 0.03, 0.02, 0.03, 0.03, 0.02, 0.02, 0.03, 0.03, 0.03, 0.02, 0.02, 0.02, 0.03, 0.03, 0.0, 0.03, 0.03, 0.03, 0.02, 0.03, 0.02, 0.03, 0.02, 0.03, 0.03, 0.03, 0.02, 0.03, 0.03, 0.03, 0.03, 0.03, 0.03, 0.03, 0.03, 0.02, 0.03, 0.03, 0.02, 0.03, 0.02, 0.02, 0.03, 0.03, 0.03, 0.02, 0.03, 0.03
0.18, 0.02, 0.03, 0.03, 0.03, 0.03, 0.02, 0.03, 0.02, 0.03, 0.03, 0.03, 0.03, 0.03, 0.03, 0.02, 0.03, 0.02, 0.03, 0.03, 0.03, 0.03, 0.03, 0.03, 0.02, 0.03, 0.03, 0.03, 0.03, 0.02, 0.03, 0.0, 0.02, 0.03, 0.03, 0.02, 0.03, 0.02, 0.03, 0.02, 0.02, 0.02, 0.03, 0.03, 0.03, 0.03, 0.03, 0.03, 0.02, 0.03, 0.03, 0.03, 0.03, 0.03, 0.03, 0.03, 0.03, 0.03, 0.03, 0.03, 0.02, 0.03, 0.03, 0.02
0.18, 0.03, 0.03, 0.03, 0.03, 0.03, 0.03, 0.02, 0.03, 0.02, 0.03, 0.03, 0.02, 0.03, 0.02, 0.03, 0.03, 0.03, 0.03, 0.03, 0.03, 0.03, 0.03, 0.02, 0.03, 0.03, 0.02, 0.02, 0.03, 0.03, 0.03, 0.02, 0.0, 0.02, 0.02, 0.03, 0.03, 0.03, 0.03, 0.02, 0.03, 0.03, 0.02, 0.03, 0.03, 0.03, 0.02, 0.02, 0.02, 0.03, 0.03, 0.03, 0.03, 0.03, 0.03, 0.02, 0.02, 0.02, 0.03, 0.03, 0.03, 0.03, 0.02, 0.02
0.18, 0.03, 0.03, 0.03, 0.03, 0.03, 0.03, 0.02, 0.02, 0.03, 0.03, 0.03, 0.03, 0.03, 0.03, 0.03, 0.03, 0.03, 0.03, 0.03, 0.02, 0.02, 0.03, 0.02, 0.03, 0.02, 0.03, 0.03, 0.03, 0.03, 0.03, 0.03, 0.02, 0.0, 0.03, 0.02, 0.03, 0.03, 0.02, 0.02, 0.03, 0.02, 0.03, 0.03, 0.03, 0.03, 0.02, 0.02, 0.03, 0.02, 0.03, 0.03, 0.03, 0.03, 0.03, 0.03, 0.03, 0.02, 0.03, 0.03, 0.03, 0.02, 0.02, 0.02
0.18, 0.03, 0.03, 0.03, 0.02, 0.03, 0.03, 0.03, 0.02, 0.03, 0.03, 0.03, 0.03, 0.03, 0.03, 0.03, 0.03, 0.03, 0.03, 0.03, 0.03, 0.03, 0.03, 0.03, 0.02, 0.03, 0.02, 0.02, 0.02, 0.02, 0.02, 0.03, 0.02, 0.03, 0.0, 0.03, 0.03, 0.03, 0.02, 0.02, 0.03, 0.03, 0.02, 0.03, 0.02, 0.03, 0.03, 0.03, 0.03, 0.03, 0.03, 0.03, 0.02, 0.03, 0.03, 0.03, 0.02, 0.03, 0.02, 0.03, 0.02, 0.03, 0.03, 0.03
0.18, 0.03, 0.03, 0.03, 0.03, 0.02, 0.03, 0.02, 0.03, 0.03, 0.03, 0.02, 0.03, 0.03, 0.03, 0.03, 0.02, 0.03, 0.02, 0.02, 0.02, 0.03, 0.03, 0.03, 0.02, 0.02, 0.02, 0.02, 0.03, 0.02, 0.03, 0.02, 0.03, 0.02, 0.03, 0.0, 0.03, 0.03, 0.02, 0.02, 0.03, 0.03, 0.02, 0.02, 0.03, 0.03, 0.03, 0.03, 0.03, 0.03, 0.03, 0.03, 0.03, 0.03, 0.02, 0.03, 0.03, 0.02, 0.03, 0.03, 0.03, 0.03, 0.03, 0.03
0.18, 0.03, 0.02, 0.03, 0.03, 0.02, 0.03, 0.03, 0.03, 0.03, 0.02, 0.03, 0.03, 0.03, 0.03, 0.02, 0.02, 0.03, 0.02, 0.03, 0.03, 0.03, 0.03, 0.03, 0.03, 0.03, 0.03, 0.02, 0.03, 0.02, 0.02, 0.03, 0.03, 0.03, 0.03, 0.03, 0.0, 0.03, 0.03, 0.02, 0.02, 0.03, 0.03, 0.03, 0.03, 0.03, 0.02, 0.03, 0.03, 0.03, 0.03, 0.03, 0.02, 0.03, 0.03, 0.03, 0.02, 0.03, 0.03, 0.03, 0.02, 0.03, 0.03, 0.03
0.18, 0.02, 0.03, 0.02, 0.02, 0.02, 0.02, 0.03, 0.03, 0.03, 0.03, 0.02, 0.03, 0.03, 0.03, 0.03, 0.03, 0.03, 0.03, 0.03, 0.03, 0.03, 0.03, 0.03, 0.03, 0.03, 0.02, 0.03, 0.03, 0.02, 0.03, 0.02, 0.03, 0.03, 0.03, 0.03, 0.03, 0.0, 0.03, 0.02, 0.02, 0.02, 0.02, 0.03, 0.02, 0.03, 0.03, 0.03, 0.02, 0.03, 0.03, 0.03, 0.03, 0.03, 0.03, 0.03, 0.03, 0.03, 0.03, 0.03, 0.03, 0.03, 0.03, 0.02
0.18, 0.03, 0.02, 0.03, 0.02, 0.03, 0.03, 0.02, 0.03, 0.03, 0.03, 0.03, 0.03, 0.03, 0.03, 0.02, 0.03, 0.03, 0.03, 0.03, 0.03, 0.03, 0.03, 0.02, 0.02, 0.02, 0.02, 0.02, 0.02, 0.03, 0.02, 0.03, 0.03, 0.02, 0.02, 0.02, 0.03, 0.03, 0.0, 0.03, 0.03, 0.03, 0.03, 0.03, 0.03, 0.03, 0.03, 0.03, 0.03, 0.03, 0.02, 0.03, 0.03, 0.03, 0.03, 0.02, 0.03, 0.02, 0.03, 0.03, 0.03, 0.03, 0.02, 0.03
0.18, 0.03, 0.03, 0.02, 0.03, 0.03, 0.03, 0.03, 0.03, 0.03, 0.03, 0.03, 0.02, 0.03, 0.03, 0.03, 0.03, 0.02, 0.03, 0.03, 0.03, 0.03, 0.03, 0.03, 0.03, 0.03, 0.03, 0.02, 0.02, 0.03, 0.03, 0.02, 0.02, 0.02, 0.02, 0.02, 0.02, 0.02, 0.03, 0.0, 0.02, 0.02, 0.02, 0.02, 0.02, 0.03, 0.02, 0.03, 0.03, 0.03, 0.03, 0.03, 0.03, 0.03, 0.03, 0.03, 0.03, 0.02, 0.03, 0.03, 0.03, 0.02, 0.03, 0.02
0.18, 0.03, 0.03, 0.03, 0.03, 0.03, 0.02, 0.03, 0.03, 0.03, 0.03, 0.03, 0.03, 0.03, 0.03, 0.02, 0.03, 0.03, 0.03, 0.03, 0.03, 0.03, 0.02, 0.03, 0.03, 0.03, 0.03, 0.02, 0.03, 0.03, 0.03, 0.02, 0.03, 0.03, 0.03, 0.03, 0.02, 0.02, 0.03, 0.02, 0.0, 0.02, 0.03, 0.03, 0.02, 0.02, 0.03, 0.02, 0.03, 0.03, 0.03, 0.03, 0.03, 0.03, 0.02, 0.03, 0.03, 0.03, 0.03, 0.03, 0.03, 0.03, 0.03, 0.03
0.18, 0.03, 0.03, 0.03, 0.02, 0.02, 0.03, 0.03, 0.02, 0.02, 0.02, 0.02, 0.03, 0.03, 0.03, 0.02, 0.03, 0.03, 0.02, 0.03, 0.03, 0.03, 0.02, 0.03, 0.03, 0.02, 0.03, 0.02, 0.02, 0.03, 0.03, 0.02, 0.03, 0.02, 0.03, 0.03, 0.03, 0.02, 0.03, 0.02, 0.02, 0.0, 0.02, 0.02, 0.02, 0.02, 0.02, 0.02, 0.03, 0.03, 0.02, 0.03, 0.03, 0.02, 0.03, 0.03, 0.03, 0.03, 0.02, 0.03, 0.03, 0.03, 0.03, 0.03
0.18, 0.03, 0.02, 0.03, 0.03, 0.03, 0.02, 0.03, 0.03, 0.03, 0.03, 0.03, 0.03, 0.03, 0.03, 0.03, 0.02, 0.03, 0.03, 0.03, 0.03, 0.03, 0.03, 0.03, 0.03, 0.03, 0.03, 0.03, 0.03, 0.03, 0.02, 0.03, 0.02, 0.03, 0.02, 0.02, 0.03, 0.02, 0.03, 0.02, 0.03, 0.02, 0.0, 0.03, 0.03, 0.03, 0.03, 0.03, 0.03, 0.03, 0.02, 0.02, 0.02, 0.02, 0.03, 0.03, 0.03, 0.03, 0.02, 0.03, 0.03, 0.03, 0.03, 0.03
0.18, 0.03, 0.03, 0.03, 0.03, 0.02, 0.02, 0.03, 0.03, 0.03, 0.03, 0.02, 0.03, 0.03, 0.03, 0.03, 0.03, 0.03, 0.03, 0.03, 0.03, 0.03, 0.03, 0.03, 0.03, 0.02, 0.03, 0.03, 0.03, 0.03, 0.03, 0.03, 0.03, 0.03, 0.03, 0.02, 0.03, 0.03, 0.03, 0.02, 0.03, 0.02, 0.03, 0.0, 0.03, 0.03, 0.02, 0.02, 0.03, 0.03, 0.02, 0.03, 0.02, 0.03, 0.03, 0.03, 0.03, 0.03, 0.03, 0.03, 0.03, 0.03, 0.03, 0.02
0.18, 0.03, 0.03, 0.03, 0.03, 0.03, 0.03, 0.02, 0.03, 0.03, 0.03, 0.03, 0.03, 0.03, 0.03, 0.03, 0.03, 0.03, 0.03, 0.03, 0.03, 0.03, 0.03, 0.03, 0.03, 0.03, 0.03, 0.03, 0.03, 0.03, 0.03, 0.03, 0.03, 0.03, 0.02, 0.03, 0.03, 0.02, 0.03, 0.02, 0.02, 0.02, 0.03, 0.03, 0.0, 0.03, 0.03, 0.03, 0.02, 0.03, 0.03, 0.03, 0.03, 0.03, 0.02, 0.03, 0.03, 0.03, 0.03, 0.03, 0.03, 0.02, 0.03, 0.03
0.18, 0.03, 0.03, 0.03, 0.03, 0.03, 0.03, 0.03, 0.03, 0.03, 0.03, 0.03, 0.03, 0.02, 0.03, 0.03, 0.03, 0.03, 0.03, 0.03, 0.03, 0.03, 0.03, 0.02, 0.03, 0.03, 0.03, 0.03, 0.03, 0.03, 0.03, 0.03, 0.03, 0.03, 0.03, 0.03, 0.03, 0.03, 0.03, 0.03, 0.02, 0.02, 0.03, 0.03, 0.03, 0.0, 0.03, 0.02, 0.02, 0.03, 0.02, 0.03, 0.02, 0.03, 0.03, 0.03, 0.02, 0.03, 0.03, 0.02, 0.03, 0.02, 0.03, 0.02
0.18, 0.03, 0.02, 0.03, 0.03, 0.03, 0.03, 0.03, 0.03, 0.03, 0.03, 0.03, 0.03, 0.03, 0.03, 0.03, 0.03, 0.03, 0.03, 0.03, 0.03, 0.03, 0.03, 0.03, 0.02, 0.03, 0.03, 0.02, 0.03, 0.03, 0.03, 0.03, 0.02, 0.02, 0.03, 0.03, 0.02, 0.03, 0.03, 0.02, 0.03, 0.02, 0.03, 0.02, 0.03, 0.03, 0.0, 0.02, 0.03, 0.02, 0.02, 0.03, 0.03, 0.03, 0.03, 0.03, 0.03, 0.03, 0.03, 0.03, 0.03, 0.03, 0.02, 0.02
0.18, 0.03, 0.03, 0.03, 0.03, 0.03, 0.03, 0.02, 0.03, 0.03, 0.03, 0.02, 0.03, 0.03, 0.03, 0.03, 0.03, 0.03, 0.03, 0.03, 0.03, 0.03, 0.03, 0.03, 0.03, 0.02, 0.03, 0.03, 0.03, 0.02, 0.03, 0.03, 0.02, 0.02, 0.03, 0.03, 0.03, 0.03, 0.03, 0.03, 0.02, 0.02, 0.03, 0.02, 0.03, 0.02, 0.02, 0.0, 0.02, 0.03, 0.03, 0.03, 0.03, 0.03, 0.03, 0.03, 0.03, 0.03, 0.03, 0.03, 0.03, 0.03, 0.03, 0.03
0.18, 0.03, 0.03, 0.03, 0.03, 0.03, 0.03, 0.03, 0.03, 0.03, 0.03, 0.03, 0.03, 0.03, 0.02, 0.02, 0.03, 0.03, 0.03, 0.03, 0.03, 0.03, 0.02, 0.03, 0.03, 0.03, 0.03, 0.02, 0.03, 0.03, 0.03, 0.02, 0.02, 0.03, 0.03, 0.03, 0.03, 0.02, 0.03, 0.03, 0.03, 0.03, 0.03, 0.03, 0.02, 0.02, 0.03, 0.02, 0.0, 0.02, 0.03, 0.03, 0.02, 0.02, 0.02, 0.03, 0.03, 0.03, 0.03, 0.02, 0.02, 0.03, 0.03, 0.03
0.18, 0.03, 0.03, 0.03, 0.02, 0.03, 0.03, 0.03, 0.03, 0.02, 0.02, 0.03, 0.03, 0.03, 0.03, 0.03, 0.03, 0.02, 0.02, 0.03, 0.03, 0.03, 0.02, 0.02, 0.03, 0.03, 0.02, 0.03, 0.03, 0.03, 0.03, 0.03, 0.03, 0.02, 0.03, 0.03, 0.03, 0.03, 0.03, 0.03, 0.03, 0.03, 0.03, 0.03, 0.03, 0.03, 0.02, 0.03, 0.02, 0.0, 0.02, 0.02, 0.03, 0.02, 0.03, 0.02, 0.03, 0.03, 0.02, 0.03, 0.03, 0.03, 0.02, 0.03
0.18, 0.03, 0.03, 0.03, 0.02, 0.02, 0.03, 0.03, 0.03, 0.03, 0.03, 0.03, 0.03, 0.03, 0.03, 0.03, 0.03, 0.03, 0.03, 0.03, 0.03, 0.02, 0.03, 0.03, 0.03, 0.03, 0.03, 0.02, 0.03, 0.03, 0.03, 0.03, 0.03, 0.03, 0.03, 0.03, 0.03, 0.03, 0.02, 0.03, 0.03, 0.02, 0.02, 0.02, 0.03, 0.02, 0.02, 0.03, 0.03, 0.02, 0.0, 0.03, 0.02, 0.03, 0.02, 0.03, 0.02, 0.03, 0.03, 0.03, 0.03, 0.02, 0.03, 0.03
0.18, 0.03, 0.03, 0.03, 0.03, 0.03, 0.03, 0.03, 0.02, 0.03, 0.03, 0.03, 0.02, 0.03, 0.03, 0.03, 0.03, 0.03, 0.03, 0.02, 0.03, 0.03, 0.02, 0.03, 0.03, 0.03, 0.03, 0.03, 0.02, 0.03, 0.02, 0.03, 0.03, 0.03, 0.03, 0.03, 0.03, 0.03, 0.03, 0.03, 0.03, 0.03, 0.02, 0.03, 0.03, 0.03, 0.03, 0.03, 0.03, 0.02, 0.03, 0.0, 0.03, 0.03, 0.03, 0.02, 0.02, 0.02, 0.03, 0.03, 0.03, 0.02, 0.03, 0.03
0.18, 0.03, 0.03, 0.03, 0.03, 0.03, 0.03, 0.02, 0.03, 0.03, 0.03, 0.03, 0.02, 0.03, 0.03, 0.03, 0.03, 0.03, 0.02, 0.03, 0.02, 0.03, 0.03, 0.03, 0.03, 0.03, 0.03, 0.03, 0.03, 0.02, 0.03, 0.03, 0.03, 0.03, 0.02, 0.03, 0.02, 0.03, 0.03, 0.03, 0.03, 0.03, 0.02, 0.02, 0.03, 0.02, 0.03, 0.03, 0.02, 0.03, 0.02, 0.03, 0.0, 0.02, 0.03, 0.03, 0.03, 0.02, 0.03, 0.02, 0.03, 0.03, 0.03, 0.03
0.18, 0.03, 0.02, 0.03, 0.03, 0.03, 0.02, 0.03, 0.03, 0.03, 0.02, 0.03, 0.03, 0.03, 0.03, 0.03, 0.03, 0.03, 0.03, 0.02, 0.03, 0.02, 0.03, 0.03, 0.02, 0.03, 0.02, 0.03, 0.03, 0.03, 0.03, 0.03, 0.03, 0.03, 0.03, 0.03, 0.03, 0.03, 0.03, 0.03, 0.03, 0.02, 0.02, 0.03, 0.03, 0.03, 0.03, 0.03, 0.02, 0.02, 0.03, 0.03, 0.02, 0.0, 0.03, 0.02, 0.02, 0.03, 0.02, 0.02, 0.03, 0.03, 0.03, 0.03
0.18, 0.03, 0.02, 0.03, 0.03, 0.03, 0.03, 0.02, 0.03, 0.02, 0.03, 0.02, 0.02, 0.03, 0.03, 0.03, 0.03, 0.02, 0.03, 0.03, 0.02, 0.03, 0.02, 0.03, 0.02, 0.03, 0.03, 0.03, 0.03, 0.03, 0.02, 0.03, 0.03, 0.03, 0.03, 0.02, 0.03, 0.03, 0.03, 0.03, 0.02, 0.03, 0.03, 0.03, 0.02, 0.03, 0.03, 0.03, 0.02, 0.03, 0.02, 0.03, 0.03, 0.03, 0.0, 0.02, 0.03, 0.02, 0.02, 0.02, 0.02, 0.03, 0.03, 0.03
0.18, 0.03, 0.03, 0.03, 0.03, 0.03, 0.02, 0.02, 0.03, 0.03, 0.03, 0.03, 0.03, 0.02, 0.03, 0.03, 0.02, 0.03, 0.03, 0.03, 0.03, 0.02, 0.03, 0.02, 0.02, 0.03, 0.03, 0.03, 0.03, 0.03, 0.03, 0.03, 0.02, 0.03, 0.03, 0.03, 0.03, 0.03, 0.02, 0.03, 0.03, 0.03, 0.03, 0.03, 0.03, 0.03, 0.03, 0.03, 0.03, 0.02, 0.03, 0.02, 0.03, 0.02, 0.02, 0.0, 0.02, 0.03, 0.02, 0.02, 0.02, 0.03, 0.03, 0.03
0.19, 0.03, 0.03, 0.03, 0.02, 0.03, 0.02, 0.03, 0.03, 0.02, 0.03, 0.03, 0.03, 0.03, 0.03, 0.03, 0.03, 0.03, 0.03, 0.03, 0.03, 0.03, 0.03, 0.03, 0.03, 0.03, 0.03, 0.03, 0.03, 0.03, 0.02, 0.03, 0.02, 0.03, 0.02, 0.03, 0.02, 0.03, 0.03, 0.03, 0.03, 0.03, 0.03, 0.03, 0.03, 0.02, 0.03, 0.03, 0.03, 0.03, 0.02, 0.02, 0.03, 0.02, 0.03, 0.02, 0.0, 0.02, 0.03, 0.02, 0.02, 0.03, 0.03, 0.02
0.18, 0.02, 0.03, 0.03, 0.03, 0.03, 0.03, 0.02, 0.03, 0.03, 0.03, 0.03, 0.02, 0.03, 0.03, 0.02, 0.03, 0.03, 0.02, 0.03, 0.02, 0.02, 0.03, 0.03, 0.03, 0.02, 0.03, 0.03, 0.03, 0.03, 0.02, 0.03, 0.02, 0.02, 0.03, 0.02, 0.03, 0.03, 0.02, 0.02, 0.03, 0.03, 0.03, 0.03, 0.03, 0.03, 0.03, 0.03, 0.03, 0.03, 0.03, 0.02, 0.02, 0.03, 0.02, 0.03, 0.02, 0.0, 0.03, 0.03, 0.02, 0.02, 0.02, 0.02
0.18, 0.03, 0.02, 0.03, 0.03, 0.02, 0.02, 0.02, 0.03, 0.03, 0.03, 0.03, 0.02, 0.03, 0.03, 0.03, 0.03, 0.02, 0.03, 0.02, 0.03, 0.02, 0.03, 0.03, 0.02, 0.03, 0.03, 0.03, 0.03, 0.03, 0.03, 0.03, 0.03, 0.03, 0.02, 0.03, 0.03, 0.03, 0.03, 0.03, 0.03, 0.02, 0.02, 0.03, 0.03, 0.03, 0.03, 0.03, 0.03, 0.02, 0.03, 0.03, 0.03, 0.02, 0.02, 0.02, 0.03, 0.03, 0.0, 0.03, 0.02, 0.03, 0.02, 0.02
0.19, 0.03, 0.03, 0.03, 0.03, 0.03, 0.03, 0.03, 0.02, 0.03, 0.03, 0.03, 0.03, 0.03, 0.02, 0.03, 0.03, 0.03, 0.03, 0.03, 0.03, 0.03, 0.03, 0.03, 0.03, 0.03, 0.03, 0.03, 0.03, 0.03, 0.03, 0.03, 0.03, 0.03, 0.03, 0.03, 0.03, 0.03, 0.03, 0.03, 0.03, 0.03, 0.03, 0.03, 0.03, 0.02, 0.03, 0.03, 0.02, 0.03, 0.03, 0.03, 0.02, 0.02, 0.02, 0.02, 0.02, 0.03, 0.03, 0.0, 0.02, 0.03, 0.02, 0.03
0.19, 0.03, 0.03, 0.02, 0.03, 0.03, 0.02, 0.03, 0.03, 0.03, 0.03, 0.02, 0.03, 0.03, 0.02, 0.03, 0.03, 0.03, 0.03, 0.03, 0.02, 0.02, 0.03, 0.03, 0.03, 0.03, 0.02, 0.03, 0.03, 0.02, 0.03, 0.02, 0.03, 0.03, 0.02, 0.03, 0.02, 0.03, 0.03, 0.03, 0.03, 0.03, 0.03, 0.03, 0.03, 0.03, 0.03, 0.03, 0.02, 0.03, 0.03, 0.03, 0.03, 0.03, 0.02, 0.02, 0.02, 0.02, 0.02, 0.02, 0.0, 0.02, 0.03, 0.02
0.19, 0.03, 0.03, 0.03, 0.03, 0.03, 0.03, 0.03, 0.03, 0.03, 0.03, 0.03, 0.03, 0.03, 0.03, 0.03, 0.03, 0.03, 0.03, 0.02, 0.03, 0.03, 0.02, 0.03, 0.02, 0.03, 0.03, 0.02, 0.03, 0.02, 0.02, 0.03, 0.03, 0.02, 0.03, 0.03, 0.03, 0.03, 0.03, 0.02, 0.03, 0.03, 0.03, 0.03, 0.02, 0.02, 0.03, 0.03, 0.03, 0.03, 0.02, 0.02, 0.03, 0.03, 0.03, 0.03, 0.03, 0.02, 0.03, 0.03, 0.02, 0.0, 0.02, 0.03
0.19, 0.03, 0.03, 0.03, 0.03, 0.03, 0.03, 0.03, 0.03, 0.03, 0.03, 0.03, 0.03, 0.02, 0.03, 0.03, 0.03, 0.03, 0.03, 0.03, 0.03, 0.03, 0.03, 0.02, 0.02, 0.03, 0.03, 0.03, 0.02, 0.02, 0.03, 0.03, 0.02, 0.02, 0.03, 0.03, 0.03, 0.03, 0.02, 0.03, 0.03, 0.03, 0.03, 0.03, 0.03, 0.03, 0.02, 0.03, 0.03, 0.02, 0.03, 0.03, 0.03, 0.03, 0.03, 0.03, 0.03, 0.02, 0.02, 0.02, 0.03, 0.02, 0.0, 0.03
0.18, 0.02, 0.03, 0.03, 0.03, 0.03, 0.03, 0.03, 0.02, 0.02, 0.03, 0.02, 0.03, 0.03, 0.02, 0.02, 0.03, 0.03, 0.03, 0.03, 0.02, 0.02, 0.03, 0.03, 0.02, 0.02, 0.03, 0.02, 0.02, 0.02, 0.03, 0.02, 0.02, 0.02, 0.03, 0.03, 0.03, 0.02, 0.03, 0.02, 0.03, 0.03, 0.03, 0.02, 0.03, 0.02, 0.02, 0.03, 0.03, 0.03, 0.03, 0.03, 0.03, 0.03, 0.03, 0.03, 0.02, 0.02, 0.02, 0.03, 0.02, 0.03, 0.03, 0.0
