0.0, 1.6399999999999999, 1.49, 3.1299999999999999, 0.79000000000000004, 2.3700000000000001, 2.2599999999999998, 2.3599999999999999, 0.76000000000000001, 2.3599999999999999, 2.5099999999999998, 2.2999999999999998, 0.87, 2.2400000000000002, 2.2200000000000002, 2.5, 0.70999999999999996, 3.5899999999999999, 2.4900000000000002, 2.3599999999999999, 0.88, 2.8100000000000001, 2.4100000000000001, 2.2400000000000002, 0.80000000000000004, 2.4300000000000002, 2.4900000000000002, 2.3300000000000001, 0.77000000000000002, 8.3800000000000008, 2.4900000000000002, 2.3700000000000001
1.6399999999999999, 0.0, 1.26, 0.40000000000000002, 3.3999999999999999, 0.22, 3.0800000000000001, 3.3900000000000001, 3.3199999999999998, 0.20000000000000001, 3.1899999999999999, 3.2400000000000002, 3.3999999999999999, 0.23000000000000001, 3.1400000000000001, 3.5600000000000001, 3.2200000000000002, 0.20999999999999999, 3.2999999999999998, 3.3700000000000001, 3.46, 0.20000000000000001, 3.2599999999999998, 3.5600000000000001, 3.23, 0.20000000000000001, 3.4100000000000001, 3.3199999999999998, 3.5699999999999998, 0.19, 3.3700000000000001, 3.6600000000000001
1.49, 1.26, 0.0, 1.48, 3.2400000000000002, 3.1499999999999999, 0.22, 8.4600000000000009, 3.1699999999999999, 3.2400000000000002, 0.23999999999999999, 3.3500000000000001, 3.2400000000000002, 3.1600000000000001, 0.23000000000000001, 3.3799999999999999, 3.2000000000000002, 3.3300000000000001, 0.23000000000000001, 3.3900000000000001, 3.2400000000000002, 3.4300000000000002, 0.23000000000000001, 3.4900000000000002, 3.2799999999999998, 3.29, 0.20999999999999999, 3.4500000000000002, 3.4100000000000001, 3.2000000000000002, 0.20999999999999999, 3.52
3.1299999999999999, 0.40000000000000002, 1.48, 0.0, 3.4399999999999999, 3.1600000000000001, 3.2599999999999998, 0.19, 3.1699999999999999, 3.3999999999999999, 3.23, 0.22, 3.4100000000000001, 3.1899999999999999, 3.3500000000000001, 0.20999999999999999, 3.2000000000000002, 3.4399999999999999, 3.27, 0.19, 3.2799999999999998, 3.4500000000000002, 3.5800000000000001, 0.20999999999999999, 3.2400000000000002, 3.54, 3.2799999999999998, 0.19, 3.4300000000000002, 3.25, 3.4399999999999999, 0.22
0.79000000000000004, 3.3999999999999999, 3.2400000000000002, 3.4399999999999999, 0.0, 3.3500000000000001, 3.1800000000000002, 3.5, 0.19, 8.6500000000000004, 3.3300000000000001, 3.4500000000000002, 0.17000000000000001, 3.4100000000000001, 3.2999999999999998, 3.75, 0.19, 3.23, 3.3999999999999999, 3.4900000000000002, 0.16, 3.52, 3.4399999999999999, 3.5099999999999998, 0.23000000000000001, 8.8699999999999992, 3.5299999999999998, 3.48, 0.17000000000000001, 3.3799999999999999, 3.3599999999999999, 3.5099999999999998
2.3700000000000001, 0.22, 3.1499999999999999, 3.1600000000000001, 3.3500000000000001, 0.0, 3.1600000000000001, 3.29, 3.3999999999999999, 0.16, 3.2599999999999998, 3.5, 3.27, 0.17999999999999999, 3.3700000000000001, 3.48, 3.3500000000000001, 0.20000000000000001, 3.29, 3.5699999999999998, 3.2200000000000002, 0.23000000000000001, 3.5099999999999998, 3.4300000000000002, 3.3700000000000001, 0.22, 8.6600000000000001, 3.6099999999999999, 3.4900000000000002, 0.19, 3.4399999999999999, 3.4199999999999999
2.2599999999999998, 3.0800000000000001, 0.22, 3.2599999999999998, 3.1800000000000002, 3.1600000000000001, 0.0, 3.25, 3.29, 3.4199999999999999, 0.19, 3.4100000000000001, 3.3599999999999999, 3.4300000000000002, 0.20000000000000001, 3.5499999999999998, 3.2799999999999998, 3.3100000000000001, 0.19, 3.4100000000000001, 3.3900000000000001, 3.4399999999999999, 0.19, 3.46, 3.27, 3.4300000000000002, 0.19, 3.4700000000000002, 3.5, 8.7200000000000006, 0.14999999999999999, 3.5099999999999998
2.3599999999999999, 3.3900000000000001, 8.4600000000000009, 0.19, 3.5, 3.29, 3.25, 0.0, 3.4500000000000002, 3.4300000000000002, 3.3500000000000001, 0.19, 3.3999999999999999, 3.46, 3.3799999999999999, 0.20000000000000001, 8.7100000000000009, 3.3999999999999999, 3.4300000000000002, 0.19, 3.25, 3.5800000000000001, 3.3999999999999999, 0.16, 3.3900000000000001, 3.3599999999999999, 3.4300000000000002, 0.20999999999999999, 3.4199999999999999, 3.4199999999999999, 3.5600000000000001, 0.22
0.76000000000000001, 3.3199999999999998, 3.1699999999999999, 3.1699999999999999, 0.19, 3.3999999999999999, 3.29, 3.4500000000000002, 0.0, 3.6299999999999999, 3.2999999999999998, 3.5499999999999998, 0.20000000000000001, 3.4700000000000002, 3.3199999999999998, 3.54, 0.20000000000000001, 3.3300000000000001, 3.4100000000000001, 8.7799999999999994, 0.20999999999999999, 3.48, 3.4100000000000001, 3.48, 0.20999999999999999, 8.75, 3.4199999999999999, 3.5, 0.20000000000000001, 3.3999999999999999, 3.4100000000000001, 3.8300000000000001
2.3599999999999999, 0.20000000000000001, 3.2400000000000002, 3.3999999999999999, 8.6500000000000004, 0.16, 3.4199999999999999, 3.4300000000000002, 3.6299999999999999, 0.0, 3.4199999999999999, 3.29, 3.4399999999999999, 0.20999999999999999, 3.4199999999999999, 3.7200000000000002, 3.2400000000000002, 0.20999999999999999, 3.5099999999999998, 3.54, 3.5099999999999998, 0.22, 3.4399999999999999, 3.5699999999999998, 3.3799999999999999, 0.22, 3.4900000000000002, 3.54, 3.54, 0.20000000000000001, 3.4500000000000002, 3.77
2.5099999999999998, 3.1899999999999999, 0.23999999999999999, 3.23, 3.3300000000000001, 3.2599999999999998, 0.19, 3.3500000000000001, 3.2999999999999998, 3.4199999999999999, 0.0, 3.2400000000000002, 3.5600000000000001, 3.4700000000000002, 0.20000000000000001, 3.5699999999999998, 3.3199999999999998, 3.6099999999999999, 0.17999999999999999, 3.4900000000000002, 3.48, 3.4500000000000002, 0.20999999999999999, 3.4700000000000002, 3.3599999999999999, 3.5600000000000001, 0.17999999999999999, 3.6800000000000002, 3.4700000000000002, 3.4700000000000002, 0.17999999999999999, 3.6899999999999999
2.2999999999999998, 3.2400000000000002, 3.3500000000000001, 0.22, 3.4500000000000002, 3.5, 3.4100000000000001, 0.19, 3.5499999999999998, 3.29, 3.2400000000000002, 0.0, 3.5099999999999998, 3.4900000000000002, 3.4100000000000001, 0.22, 8.6500000000000004, 3.5, 3.54, 0.19, 3.54, 3.4500000000000002, 3.5499999999999998, 0.19, 3.4100000000000001, 3.5800000000000001, 3.3999999999999999, 0.19, 3.6699999999999999, 3.4300000000000002, 3.6499999999999999, 0.22
0.87, 3.3999999999999999, 3.2400000000000002, 3.4100000000000001, 0.17000000000000001, 3.27, 3.3599999999999999, 3.3999999999999999, 0.20000000000000001, 3.4399999999999999, 3.5600000000000001, 3.5099999999999998, 0.0, 8.75, 3.1699999999999999, 3.7999999999999998, 0.17000000000000001, 3.5, 3.6000000000000001, 3.5800000000000001, 0.17999999999999999, 3.5699999999999998, 3.3999999999999999, 3.73, 0.17000000000000001, 3.5, 3.54, 3.6099999999999999, 0.17999999999999999, 3.5099999999999998, 3.3999999999999999, 3.71
2.2400000000000002, 0.23000000000000001, 3.1600000000000001, 3.1899999999999999, 3.4100000000000001, 0.17999999999999999, 3.4300000000000002, 3.46, 3.4700000000000002, 0.20999999999999999, 3.4700000000000002, 3.4900000000000002, 8.75, 0.0, 3.54, 3.4700000000000002, 3.6499999999999999, 0.19, 3.6400000000000001, 3.71, 3.5299999999999998, 0.23000000000000001, 3.5899999999999999, 3.54, 3.54, 0.19, 3.5899999999999999, 3.7599999999999998, 3.5600000000000001, 0.16, 3.6400000000000001, 3.6099999999999999
2.2200000000000002, 3.1400000000000001, 0.23000000000000001, 3.3500000000000001, 3.2999999999999998, 3.3700000000000001, 0.20000000000000001, 3.3799999999999999, 3.3199999999999998, 3.4199999999999999, 0.20000000000000001, 3.4100000000000001, 3.1699999999999999, 3.54, 0.0, 3.2999999999999998, 3.54, 3.5800000000000001, 0.19, 3.5899999999999999, 3.5, 8.7899999999999991, 0.20000000000000001, 3.6600000000000001, 3.4199999999999999, 3.54, 0.17000000000000001, 3.5699999999999998, 3.5699999999999998, 3.3700000000000001, 0.16, 3.6600000000000001
2.5, 3.5600000000000001, 3.3799999999999999, 0.20999999999999999, 3.75, 3.48, 3.5499999999999998, 0.20000000000000001, 3.54, 3.7200000000000002, 3.5699999999999998, 0.22, 3.7999999999999998, 3.4700000000000002, 3.2999999999999998, 0.0, 3.6099999999999999, 3.4500000000000002, 3.5600000000000001, 0.20999999999999999, 3.4300000000000002, 3.46, 3.3900000000000001, 0.20000000000000001, 3.5299999999999998, 3.5800000000000001, 3.54, 0.20999999999999999, 3.6400000000000001, 3.52, 3.48, 0.17999999999999999
0.70999999999999996, 3.2200000000000002, 3.2000000000000002, 3.2000000000000002, 0.19, 3.3500000000000001, 3.2799999999999998, 8.7100000000000009, 0.20000000000000001, 3.2400000000000002, 3.3199999999999998, 8.6500000000000004, 0.17000000000000001, 3.6499999999999999, 3.54, 3.6099999999999999, 0.0, 3.3500000000000001, 3.1099999999999999, 3.6800000000000002, 0.16, 4.5300000000000002, 3.5800000000000001, 3.6699999999999999, 0.17000000000000001, 3.5800000000000001, 3.5899999999999999, 3.6400000000000001, 0.20000000000000001, 3.5499999999999998, 3.5099999999999998, 3.6299999999999999
3.5899999999999999, 0.20999999999999999, 3.3300000000000001, 3.4399999999999999, 3.23, 0.20000000000000001, 3.3100000000000001, 3.3999999999999999, 3.3300000000000001, 0.20999999999999999, 3.6099999999999999, 3.5, 3.5, 0.19, 3.5800000000000001, 3.4500000000000002, 3.3500000000000001, 0.0, 3.6299999999999999, 3.3399999999999999, 3.5299999999999998, 0.22, 3.4100000000000001, 3.7400000000000002, 3.4500000000000002, 0.17000000000000001, 3.6099999999999999, 3.5299999999999998, 3.7000000000000002, 0.19, 3.4399999999999999, 3.8500000000000001
2.4900000000000002, 3.2999999999999998, 0.23000000000000001, 3.27, 3.3999999999999999, 3.29, 0.19, 3.4300000000000002, 3.4100000000000001, 3.5099999999999998, 0.17999999999999999, 3.54, 3.6000000000000001, 3.6400000000000001, 0.19, 3.5600000000000001, 3.1099999999999999, 3.6299999999999999, 0.0, 3.29, 3.6200000000000001, 3.5600000000000001, 0.23999999999999999, 3.7599999999999998, 3.4199999999999999, 3.6400000000000001, 0.17999999999999999, 3.7000000000000002, 3.52, 3.4199999999999999, 0.20999999999999999, 3.6800000000000002
2.3599999999999999, 3.3700000000000001, 3.3900000000000001, 0.19, 3.4900000000000002, 3.5699999999999998, 3.4100000000000001, 0.19, 8.7799999999999994, 3.54, 3.4900000000000002, 0.19, 3.5800000000000001, 3.71, 3.5899999999999999, 0.20999999999999999, 3.6800000000000002, 3.3399999999999999, 3.29, 0.0, 3.6400000000000001, 3.48, 3.48, 0.22, 3.5099999999999998, 3.5800000000000001, 3.54, 0.14999999999999999, 3.54, 3.54, 11.91, 0.23000000000000001
0.88, 3.46, 3.2400000000000002, 3.2799999999999998, 0.16, 3.2200000000000002, 3.3900000000000001, 3.25, 0.20999999999999999, 3.5099999999999998, 3.48, 3.54, 0.17999999999999999, 3.5299999999999998, 3.5, 3.4300000000000002, 0.16, 3.5299999999999998, 3.6200000000000001, 3.6400000000000001, 0.0, 3.6600000000000001, 3.3900000000000001, 3.75, 0.20000000000000001, 3.5, 3.4900000000000002, 3.7200000000000002, 0.14999999999999999, 3.5099999999999998, 3.5, 3.6800000000000002
2.8100000000000001, 0.20000000000000001, 3.4300000000000002, 3.4500000000000002, 3.52, 0.23000000000000001, 3.4399999999999999, 3.5800000000000001, 3.48, 0.22, 3.4500000000000002, 3.4500000000000002, 3.5699999999999998, 0.23000000000000001, 8.7899999999999991, 3.46, 4.5300000000000002, 0.22, 3.5600000000000001, 3.48, 3.6600000000000001, 0.0, 3.4900000000000002, 3.3399999999999999, 3.5600000000000001, 0.20999999999999999, 3.4700000000000002, 3.77, 3.4700000000000002, 0.19, 3.5699999999999998, 3.6099999999999999
2.4100000000000001, 3.2599999999999998, 0.23000000000000001, 3.5800000000000001, 3.4399999999999999, 3.5099999999999998, 0.19, 3.3999999999999999, 3.4100000000000001, 3.4399999999999999, 0.20999999999999999, 3.5499999999999998, 3.3999999999999999, 3.5899999999999999, 0.20000000000000001, 3.3900000000000001, 3.5800000000000001, 3.4100000000000001, 0.23999999999999999, 3.48, 3.3900000000000001, 3.4900000000000002, 0.0, 3.2599999999999998, 3.48, 3.4900000000000002, 0.20999999999999999, 3.6400000000000001, 3.54, 3.3900000000000001, 0.20000000000000001, 3.7799999999999998
2.2400000000000002, 3.5600000000000001, 3.4900000000000002, 0.20999999999999999, 3.5099999999999998, 3.4300000000000002, 3.46, 0.16, 3.48, 3.5699999999999998, 3.4700000000000002, 0.19, 3.73, 3.54, 3.6600000000000001, 0.20000000000000001, 3.6699999999999999, 3.7400000000000002, 3.7599999999999998, 0.22, 3.75, 3.3399999999999999, 3.2599999999999998, 0.0, 3.7000000000000002, 3.5, 3.52, 0.22, 3.6000000000000001, 3.6200000000000001, 3.6600000000000001, 0.17999999999999999
0.80000000000000004, 3.23, 3.2799999999999998, 3.2400000000000002, 0.23000000000000001, 3.3700000000000001, 3.27, 3.3900000000000001, 0.20999999999999999, 3.3799999999999999, 3.3599999999999999, 3.4100000000000001, 0.17000000000000001, 3.54, 3.4199999999999999, 3.5299999999999998, 0.17000000000000001, 3.4500000000000002, 3.4199999999999999, 3.5099999999999998, 0.20000000000000001, 3.5600000000000001, 3.48, 3.7000000000000002, 0.0, 3.3900000000000001, 3.1299999999999999, 3.71, 0.17000000000000001, 3.8300000000000001, 3.4500000000000002, 3.6899999999999999
2.4300000000000002, 0.20000000000000001, 3.29, 3.54, 8.8699999999999992, 0.22, 3.4300000000000002, 3.3599999999999999, 8.75, 0.22, 3.5600000000000001, 3.5800000000000001, 3.5, 0.19, 3.54, 3.5800000000000001, 3.5800000000000001, 0.17000000000000001, 3.6400000000000001, 3.5800000000000001, 3.5, 0.20999999999999999, 3.4900000000000002, 3.5, 3.3900000000000001, 0.0, 3.5299999999999998, 3.23, 3.6200000000000001, 0.14999999999999999, 3.5600000000000001, 3.6600000000000001
2.4900000000000002, 3.4100000000000001, 0.20999999999999999, 3.2799999999999998, 3.5299999999999998, 8.6600000000000001, 0.19, 3.4300000000000002, 3.4199999999999999, 3.4900000000000002, 0.17999999999999999, 3.3999999999999999, 3.54, 3.5899999999999999, 0.17000000000000001, 3.54, 3.5899999999999999, 3.6099999999999999, 0.17999999999999999, 3.54, 3.4900000000000002, 3.4700000000000002, 0.20999999999999999, 3.52, 3.1299999999999999, 3.5299999999999998, 0.0, 3.2999999999999998, 3.5699999999999998, 3.4500000000000002, 0.19, 3.7000000000000002
2.3300000000000001, 3.3199999999999998, 3.4500000000000002, 0.19, 3.48, 3.6099999999999999, 3.4700000000000002, 0.20999999999999999, 3.5, 3.54, 3.6800000000000002, 0.19, 3.6099999999999999, 3.7599999999999998, 3.5699999999999998, 0.20999999999999999, 3.6400000000000001, 3.5299999999999998, 3.7000000000000002, 0.14999999999999999, 3.7200000000000002, 3.77, 3.6400000000000001, 0.22, 3.71, 3.23, 3.2999999999999998, 0.0, 3.4700000000000002, 3.46, 3.6200000000000001, 0.19
0.77000000000000002, 3.5699999999999998, 3.4100000000000001, 3.4300000000000002, 0.17000000000000001, 3.4900000000000002, 3.5, 3.4199999999999999, 0.20000000000000001, 3.54, 3.4700000000000002, 3.6699999999999999, 0.17999999999999999, 3.5600000000000001, 3.5699999999999998, 3.6400000000000001, 0.20000000000000001, 3.7000000000000002, 3.52, 3.54, 0.14999999999999999, 3.4700000000000002, 3.54, 3.6000000000000001, 0.17000000000000001, 3.6200000000000001, 3.5699999999999998, 3.4700000000000002, 0.0, 3.2599999999999998, 3.1600000000000001, 3.7400000000000002
8.3800000000000008, 0.19, 3.2000000000000002, 3.25, 3.3799999999999999, 0.19, 8.7200000000000006, 3.4199999999999999, 3.3999999999999999, 0.20000000000000001, 3.4700000000000002, 3.4300000000000002, 3.5099999999999998, 0.16, 3.3700000000000001, 3.52, 3.5499999999999998, 0.19, 3.4199999999999999, 3.54, 3.5099999999999998, 0.19, 3.3900000000000001, 3.6200000000000001, 3.8300000000000001, 0.14999999999999999, 3.4500000000000002, 3.46, 3.2599999999999998, 0.0, 3.5099999999999998, 3.3100000000000001
2.4900000000000002, 3.3700000000000001, 0.20999999999999999, 3.4399999999999999, 3.3599999999999999, 3.4399999999999999, 0.14999999999999999, 3.5600000000000001, 3.4100000000000001, 3.4500000000000002, 0.17999999999999999, 3.6499999999999999, 3.3999999999999999, 3.6400000000000001, 0.16, 3.48, 3.5099999999999998, 3.4399999999999999, 0.20999999999999999, 11.91, 3.5, 3.5699999999999998, 0.20000000000000001, 3.6600000000000001, 3.4500000000000002, 3.5600000000000001, 0.19, 3.6200000000000001, 3.1600000000000001, 3.5099999999999998, 0.0, 3.29
2.3700000000000001, 3.6600000000000001, 3.52, 0.22, 3.5099999999999998, 3.4199999999999999, 3.5099999999999998, 0.22, 3.8300000000000001, 3.77, 3.6899999999999999, 0.22, 3.71, 3.6099999999999999, 3.6600000000000001, 0.17999999999999999, 3.6299999999999999, 3.8500000000000001, 3.6800000000000002, 0.23000000000000001, 3.6800000000000002, 3.6099999999999999, 3.7799999999999998, 0.17999999999999999, 3.6899999999999999, 3.6600000000000001, 3.7000000000000002, 0.19, 3.7400000000000002, 3.3100000000000001, 3.29, 0.0
