# Testing Hostname: Q1G-I6-J01.mira.i2b
# Processors: 32 MsgLen 64 Repeats: 100
# ProcName1:rank   ProcName2:rank   AvgCommTime(usecs) StdDev
Task 0 of 32 (0,0,0,0,0,0)  R16-M0-N00-J00 000  Task 0 of 32 (0,0,0,0,0,0)  R16-M0-N00-J00 000       0.00    0.00
Task 0 of 32 (0,0,0,0,0,0)  R16-M0-N00-J00 000  Task 1 of 32 (0,0,0,0,1,0)  R16-M0-N00-J07 001      17.30    0.37
Task 0 of 32 (0,0,0,0,0,0)  R16-M0-N00-J00 000  Task 2 of 32 (0,0,0,1,0,0)  R16-M0-N00-J12 002      15.53    0.18
Task 0 of 32 (0,0,0,0,0,0)  R16-M0-N00-J00 000  Task 3 of 32 (0,0,0,1,1,0)  R16-M0-N00-J11 003      15.76    0.18
Task 0 of 32 (0,0,0,0,0,0)  R16-M0-N00-J00 000  Task 4 of 32 (0,0,0,2,0,0)  R16-M0-N02-J12 004      15.62    0.18
Task 0 of 32 (0,0,0,0,0,0)  R16-M0-N00-J00 000  Task 5 of 32 (0,0,0,2,1,0)  R16-M0-N02-J11 005      15.66    0.18
Task 0 of 32 (0,0,0,0,0,0)  R16-M0-N00-J00 000  Task 6 of 32 (0,0,0,3,0,0)  R16-M0-N02-J00 006      15.54    0.18
Task 0 of 32 (0,0,0,0,0,0)  R16-M0-N00-J00 000  Task 7 of 32 (0,0,0,3,1,0)  R16-M0-N02-J07 007      15.81    0.18
Task 0 of 32 (0,0,0,0,0,0)  R16-M0-N00-J00 000  Task 8 of 32 (0,0,1,0,0,0)  R16-M0-N00-J01 008      15.41    0.18
Task 0 of 32 (0,0,0,0,0,0)  R16-M0-N00-J00 000  Task 9 of 32 (0,0,1,0,1,0)  R16-M0-N00-J06 009      15.55    0.18
Task 0 of 32 (0,0,0,0,0,0)  R16-M0-N00-J00 000  Task 10 of 32 (0,0,1,1,0,0)  R16-M0-N00-J13 010      15.62    0.18
Task 0 of 32 (0,0,0,0,0,0)  R16-M0-N00-J00 000  Task 11 of 32 (0,0,1,1,1,0)  R16-M0-N00-J10 011      15.52    0.18
Task 0 of 32 (0,0,0,0,0,0)  R16-M0-N00-J00 000  Task 12 of 32 (0,0,1,2,0,0)  R16-M0-N02-J13 012      15.55    0.18
Task 0 of 32 (0,0,0,0,0,0)  R16-M0-N00-J00 000  Task 13 of 32 (0,0,1,2,1,0)  R16-M0-N02-J10 013      15.53    0.18
Task 0 of 32 (0,0,0,0,0,0)  R16-M0-N00-J00 000  Task 14 of 32 (0,0,1,3,0,0)  R16-M0-N02-J01 014      15.42    0.19
Task 0 of 32 (0,0,0,0,0,0)  R16-M0-N00-J00 000  Task 15 of 32 (0,0,1,3,1,0)  R16-M0-N02-J06 015      15.40    0.18
Task 0 of 32 (0,0,0,0,0,0)  R16-M0-N00-J00 000  Task 16 of 32 (0,0,2,0,0,0)  R16-M0-N01-J01 016      15.33    0.18
Task 0 of 32 (0,0,0,0,0,0)  R16-M0-N00-J00 000  Task 17 of 32 (0,0,2,0,1,0)  R16-M0-N01-J06 017      15.27    0.19
Task 0 of 32 (0,0,0,0,0,0)  R16-M0-N00-J00 000  Task 18 of 32 (0,0,2,1,0,0)  R16-M0-N01-J13 018      15.26    0.19
Task 0 of 32 (0,0,0,0,0,0)  R16-M0-N00-J00 000  Task 19 of 32 (0,0,2,1,1,0)  R16-M0-N01-J10 019      15.35    0.18
Task 0 of 32 (0,0,0,0,0,0)  R16-M0-N00-J00 000  Task 20 of 32 (0,0,2,2,0,0)  R16-M0-N03-J13 020      15.49    0.18
Task 0 of 32 (0,0,0,0,0,0)  R16-M0-N00-J00 000  Task 21 of 32 (0,0,2,2,1,0)  R16-M0-N03-J10 021      15.51    0.18
Task 0 of 32 (0,0,0,0,0,0)  R16-M0-N00-J00 000  Task 22 of 32 (0,0,2,3,0,0)  R16-M0-N03-J01 022      15.33    0.18
Task 0 of 32 (0,0,0,0,0,0)  R16-M0-N00-J00 000  Task 23 of 32 (0,0,2,3,1,0)  R16-M0-N03-J06 023      15.43    0.19
Task 0 of 32 (0,0,0,0,0,0)  R16-M0-N00-J00 000  Task 24 of 32 (0,0,3,0,0,0)  R16-M0-N01-J00 024      15.23    0.19
Task 0 of 32 (0,0,0,0,0,0)  R16-M0-N00-J00 000  Task 25 of 32 (0,0,3,0,1,0)  R16-M0-N01-J07 025      14.98    0.19
Task 0 of 32 (0,0,0,0,0,0)  R16-M0-N00-J00 000  Task 26 of 32 (0,0,3,1,0,0)  R16-M0-N01-J12 026      15.07    0.18
Task 0 of 32 (0,0,0,0,0,0)  R16-M0-N00-J00 000  Task 27 of 32 (0,0,3,1,1,0)  R16-M0-N01-J11 027      15.30    0.18
Task 0 of 32 (0,0,0,0,0,0)  R16-M0-N00-J00 000  Task 28 of 32 (0,0,3,2,0,0)  R16-M0-N03-J12 028      15.37    0.19
Task 0 of 32 (0,0,0,0,0,0)  R16-M0-N00-J00 000  Task 29 of 32 (0,0,3,2,1,0)  R16-M0-N03-J11 029      15.27    0.18
Task 0 of 32 (0,0,0,0,0,0)  R16-M0-N00-J00 000  Task 30 of 32 (0,0,3,3,0,0)  R16-M0-N03-J00 030      15.15    0.18
Task 0 of 32 (0,0,0,0,0,0)  R16-M0-N00-J00 000  Task 31 of 32 (0,0,3,3,1,0)  R16-M0-N03-J07 031      15.63    0.18
Task 1 of 32 (0,0,0,0,1,0)  R16-M0-N00-J07 001  Task 1 of 32 (0,0,0,0,1,0)  R16-M0-N00-J07 001       0.00    0.00
Task 1 of 32 (0,0,0,0,1,0)  R16-M0-N00-J07 001  Task 2 of 32 (0,0,0,1,0,0)  R16-M0-N00-J12 002      15.62    0.03
Task 1 of 32 (0,0,0,0,1,0)  R16-M0-N00-J07 001  Task 3 of 32 (0,0,0,1,1,0)  R16-M0-N00-J11 003      15.25    0.02
Task 1 of 32 (0,0,0,0,1,0)  R16-M0-N00-J07 001  Task 4 of 32 (0,0,0,2,0,0)  R16-M0-N02-J12 004      15.49    0.03
Task 1 of 32 (0,0,0,0,1,0)  R16-M0-N00-J07 001  Task 5 of 32 (0,0,0,2,1,0)  R16-M0-N02-J11 005      15.22    0.02
Task 1 of 32 (0,0,0,0,1,0)  R16-M0-N00-J07 001  Task 6 of 32 (0,0,0,3,0,0)  R16-M0-N02-J00 006      15.32    0.03
Task 1 of 32 (0,0,0,0,1,0)  R16-M0-N00-J07 001  Task 7 of 32 (0,0,0,3,1,0)  R16-M0-N02-J07 007      15.13    0.02
Task 1 of 32 (0,0,0,0,1,0)  R16-M0-N00-J07 001  Task 8 of 32 (0,0,1,0,0,0)  R16-M0-N00-J01 008      15.15    0.03
Task 1 of 32 (0,0,0,0,1,0)  R16-M0-N00-J07 001  Task 9 of 32 (0,0,1,0,1,0)  R16-M0-N00-J06 009      15.06    0.03
Task 1 of 32 (0,0,0,0,1,0)  R16-M0-N00-J07 001  Task 10 of 32 (0,0,1,1,0,0)  R16-M0-N00-J13 010      15.22    0.02
Task 1 of 32 (0,0,0,0,1,0)  R16-M0-N00-J07 001  Task 11 of 32 (0,0,1,1,1,0)  R16-M0-N00-J10 011      15.19    0.03
Task 1 of 32 (0,0,0,0,1,0)  R16-M0-N00-J07 001  Task 12 of 32 (0,0,1,2,0,0)  R16-M0-N02-J13 012      15.51    0.03
Task 1 of 32 (0,0,0,0,1,0)  R16-M0-N00-J07 001  Task 13 of 32 (0,0,1,2,1,0)  R16-M0-N02-J10 013      15.33    0.03
Task 1 of 32 (0,0,0,0,1,0)  R16-M0-N00-J07 001  Task 14 of 32 (0,0,1,3,0,0)  R16-M0-N02-J01 014      15.35    0.02
Task 1 of 32 (0,0,0,0,1,0)  R16-M0-N00-J07 001  Task 15 of 32 (0,0,1,3,1,0)  R16-M0-N02-J06 015      15.48    0.02
Task 1 of 32 (0,0,0,0,1,0)  R16-M0-N00-J07 001  Task 16 of 32 (0,0,2,0,0,0)  R16-M0-N01-J01 016      15.46    0.02
Task 1 of 32 (0,0,0,0,1,0)  R16-M0-N00-J07 001  Task 17 of 32 (0,0,2,0,1,0)  R16-M0-N01-J06 017      15.23    0.02
Task 1 of 32 (0,0,0,0,1,0)  R16-M0-N00-J07 001  Task 18 of 32 (0,0,2,1,0,0)  R16-M0-N01-J13 018      15.36    0.03
Task 1 of 32 (0,0,0,0,1,0)  R16-M0-N00-J07 001  Task 19 of 32 (0,0,2,1,1,0)  R16-M0-N01-J10 019      15.32    0.03
Task 1 of 32 (0,0,0,0,1,0)  R16-M0-N00-J07 001  Task 20 of 32 (0,0,2,2,0,0)  R16-M0-N03-J13 020      15.75    0.03
Task 1 of 32 (0,0,0,0,1,0)  R16-M0-N00-J07 001  Task 21 of 32 (0,0,2,2,1,0)  R16-M0-N03-J10 021      15.71    0.03
Task 1 of 32 (0,0,0,0,1,0)  R16-M0-N00-J07 001  Task 22 of 32 (0,0,2,3,0,0)  R16-M0-N03-J01 022      15.49    0.03
Task 1 of 32 (0,0,0,0,1,0)  R16-M0-N00-J07 001  Task 23 of 32 (0,0,2,3,1,0)  R16-M0-N03-J06 023      15.31    0.02
Task 1 of 32 (0,0,0,0,1,0)  R16-M0-N00-J07 001  Task 24 of 32 (0,0,3,0,0,0)  R16-M0-N01-J00 024      15.54    0.03
Task 1 of 32 (0,0,0,0,1,0)  R16-M0-N00-J07 001  Task 25 of 32 (0,0,3,0,1,0)  R16-M0-N01-J07 025      15.39    0.03
Task 1 of 32 (0,0,0,0,1,0)  R16-M0-N00-J07 001  Task 26 of 32 (0,0,3,1,0,0)  R16-M0-N01-J12 026      15.43    0.03
Task 1 of 32 (0,0,0,0,1,0)  R16-M0-N00-J07 001  Task 27 of 32 (0,0,3,1,1,0)  R16-M0-N01-J11 027      15.60    0.03
Task 1 of 32 (0,0,0,0,1,0)  R16-M0-N00-J07 001  Task 28 of 32 (0,0,3,2,0,0)  R16-M0-N03-J12 028      15.51    0.03
Task 1 of 32 (0,0,0,0,1,0)  R16-M0-N00-J07 001  Task 29 of 32 (0,0,3,2,1,0)  R16-M0-N03-J11 029      15.40    0.03
Task 1 of 32 (0,0,0,0,1,0)  R16-M0-N00-J07 001  Task 30 of 32 (0,0,3,3,0,0)  R16-M0-N03-J00 030      15.45    0.03
Task 1 of 32 (0,0,0,0,1,0)  R16-M0-N00-J07 001  Task 31 of 32 (0,0,3,3,1,0)  R16-M0-N03-J07 031      15.11    0.03
Task 2 of 32 (0,0,0,1,0,0)  R16-M0-N00-J12 002  Task 2 of 32 (0,0,0,1,0,0)  R16-M0-N00-J12 002       0.00    0.00
Task 2 of 32 (0,0,0,1,0,0)  R16-M0-N00-J12 002  Task 3 of 32 (0,0,0,1,1,0)  R16-M0-N00-J11 003      15.33    0.02
Task 2 of 32 (0,0,0,1,0,0)  R16-M0-N00-J12 002  Task 4 of 32 (0,0,0,2,0,0)  R16-M0-N02-J12 004      15.07    0.02
Task 2 of 32 (0,0,0,1,0,0)  R16-M0-N00-J12 002  Task 5 of 32 (0,0,0,2,1,0)  R16-M0-N02-J11 005      15.12    0.02
Task 2 of 32 (0,0,0,1,0,0)  R16-M0-N00-J12 002  Task 6 of 32 (0,0,0,3,0,0)  R16-M0-N02-J00 006      14.93    0.02
Task 2 of 32 (0,0,0,1,0,0)  R16-M0-N00-J12 002  Task 7 of 32 (0,0,0,3,1,0)  R16-M0-N02-J07 007      15.13    0.02
Task 2 of 32 (0,0,0,1,0,0)  R16-M0-N00-J12 002  Task 8 of 32 (0,0,1,0,0,0)  R16-M0-N00-J01 008      14.86    0.02
Task 2 of 32 (0,0,0,1,0,0)  R16-M0-N00-J12 002  Task 9 of 32 (0,0,1,0,1,0)  R16-M0-N00-J06 009      15.12    0.03
Task 2 of 32 (0,0,0,1,0,0)  R16-M0-N00-J12 002  Task 10 of 32 (0,0,1,1,0,0)  R16-M0-N00-J13 010      14.97    0.02
Task 2 of 32 (0,0,0,1,0,0)  R16-M0-N00-J12 002  Task 11 of 32 (0,0,1,1,1,0)  R16-M0-N00-J10 011      14.97    0.02
Task 2 of 32 (0,0,0,1,0,0)  R16-M0-N00-J12 002  Task 12 of 32 (0,0,1,2,0,0)  R16-M0-N02-J13 012      15.01    0.03
Task 2 of 32 (0,0,0,1,0,0)  R16-M0-N00-J12 002  Task 13 of 32 (0,0,1,2,1,0)  R16-M0-N02-J10 013      15.45    0.03
Task 2 of 32 (0,0,0,1,0,0)  R16-M0-N00-J12 002  Task 14 of 32 (0,0,1,3,0,0)  R16-M0-N02-J01 014      15.32    0.03
Task 2 of 32 (0,0,0,1,0,0)  R16-M0-N00-J12 002  Task 15 of 32 (0,0,1,3,1,0)  R16-M0-N02-J06 015      15.48    0.03
Task 2 of 32 (0,0,0,1,0,0)  R16-M0-N00-J12 002  Task 16 of 32 (0,0,2,0,0,0)  R16-M0-N01-J01 016      15.26    0.03
Task 2 of 32 (0,0,0,1,0,0)  R16-M0-N00-J12 002  Task 17 of 32 (0,0,2,0,1,0)  R16-M0-N01-J06 017      15.47    0.03
Task 2 of 32 (0,0,0,1,0,0)  R16-M0-N00-J12 002  Task 18 of 32 (0,0,2,1,0,0)  R16-M0-N01-J13 018      15.19    0.02
Task 2 of 32 (0,0,0,1,0,0)  R16-M0-N00-J12 002  Task 19 of 32 (0,0,2,1,1,0)  R16-M0-N01-J10 019      15.31    0.03
Task 2 of 32 (0,0,0,1,0,0)  R16-M0-N00-J12 002  Task 20 of 32 (0,0,2,2,0,0)  R16-M0-N03-J13 020      15.30    0.03
Task 2 of 32 (0,0,0,1,0,0)  R16-M0-N00-J12 002  Task 21 of 32 (0,0,2,2,1,0)  R16-M0-N03-J10 021      15.44    0.03
Task 2 of 32 (0,0,0,1,0,0)  R16-M0-N00-J12 002  Task 22 of 32 (0,0,2,3,0,0)  R16-M0-N03-J01 022      15.37    0.03
Task 2 of 32 (0,0,0,1,0,0)  R16-M0-N00-J12 002  Task 23 of 32 (0,0,2,3,1,0)  R16-M0-N03-J06 023      15.51    0.03
Task 2 of 32 (0,0,0,1,0,0)  R16-M0-N00-J12 002  Task 24 of 32 (0,0,3,0,0,0)  R16-M0-N01-J00 024      15.31    0.02
Task 2 of 32 (0,0,0,1,0,0)  R16-M0-N00-J12 002  Task 25 of 32 (0,0,3,0,1,0)  R16-M0-N01-J07 025      15.20    0.02
Task 2 of 32 (0,0,0,1,0,0)  R16-M0-N00-J12 002  Task 26 of 32 (0,0,3,1,0,0)  R16-M0-N01-J12 026      15.24    0.03
Task 2 of 32 (0,0,0,1,0,0)  R16-M0-N00-J12 002  Task 27 of 32 (0,0,3,1,1,0)  R16-M0-N01-J11 027      15.24    0.03
Task 2 of 32 (0,0,0,1,0,0)  R16-M0-N00-J12 002  Task 28 of 32 (0,0,3,2,0,0)  R16-M0-N03-J12 028      15.31    0.03
Task 2 of 32 (0,0,0,1,0,0)  R16-M0-N00-J12 002  Task 29 of 32 (0,0,3,2,1,0)  R16-M0-N03-J11 029      15.16    0.02
Task 2 of 32 (0,0,0,1,0,0)  R16-M0-N00-J12 002  Task 30 of 32 (0,0,3,3,0,0)  R16-M0-N03-J00 030      15.26    0.03
Task 2 of 32 (0,0,0,1,0,0)  R16-M0-N00-J12 002  Task 31 of 32 (0,0,3,3,1,0)  R16-M0-N03-J07 031      15.28    0.02
Task 3 of 32 (0,0,0,1,1,0)  R16-M0-N00-J11 003  Task 3 of 32 (0,0,0,1,1,0)  R16-M0-N00-J11 003       0.00    0.00
Task 3 of 32 (0,0,0,1,1,0)  R16-M0-N00-J11 003  Task 4 of 32 (0,0,0,2,0,0)  R16-M0-N02-J12 004      15.42    0.03
Task 3 of 32 (0,0,0,1,1,0)  R16-M0-N00-J11 003  Task 5 of 32 (0,0,0,2,1,0)  R16-M0-N02-J11 005      14.86    0.02
Task 3 of 32 (0,0,0,1,1,0)  R16-M0-N00-J11 003  Task 6 of 32 (0,0,0,3,0,0)  R16-M0-N02-J00 006      15.31    0.02
Task 3 of 32 (0,0,0,1,1,0)  R16-M0-N00-J11 003  Task 7 of 32 (0,0,0,3,1,0)  R16-M0-N02-J07 007      14.90    0.02
Task 3 of 32 (0,0,0,1,1,0)  R16-M0-N00-J11 003  Task 8 of 32 (0,0,1,0,0,0)  R16-M0-N00-J01 008      15.04    0.02
Task 3 of 32 (0,0,0,1,1,0)  R16-M0-N00-J11 003  Task 9 of 32 (0,0,1,0,1,0)  R16-M0-N00-J06 009      14.87    0.03
Task 3 of 32 (0,0,0,1,1,0)  R16-M0-N00-J11 003  Task 10 of 32 (0,0,1,1,0,0)  R16-M0-N00-J13 010      14.94    0.02
Task 3 of 32 (0,0,0,1,1,0)  R16-M0-N00-J11 003  Task 11 of 32 (0,0,1,1,1,0)  R16-M0-N00-J10 011      15.01    0.03
Task 3 of 32 (0,0,0,1,1,0)  R16-M0-N00-J11 003  Task 12 of 32 (0,0,1,2,0,0)  R16-M0-N02-J13 012      15.25    0.03
Task 3 of 32 (0,0,0,1,1,0)  R16-M0-N00-J11 003  Task 13 of 32 (0,0,1,2,1,0)  R16-M0-N02-J10 013      15.06    0.03
Task 3 of 32 (0,0,0,1,1,0)  R16-M0-N00-J11 003  Task 14 of 32 (0,0,1,3,0,0)  R16-M0-N02-J01 014      15.40    0.02
Task 3 of 32 (0,0,0,1,1,0)  R16-M0-N00-J11 003  Task 15 of 32 (0,0,1,3,1,0)  R16-M0-N02-J06 015      15.18    0.02
Task 3 of 32 (0,0,0,1,1,0)  R16-M0-N00-J11 003  Task 16 of 32 (0,0,2,0,0,0)  R16-M0-N01-J01 016      15.32    0.02
Task 3 of 32 (0,0,0,1,1,0)  R16-M0-N00-J11 003  Task 17 of 32 (0,0,2,0,1,0)  R16-M0-N01-J06 017      15.14    0.02
Task 3 of 32 (0,0,0,1,1,0)  R16-M0-N00-J11 003  Task 18 of 32 (0,0,2,1,0,0)  R16-M0-N01-J13 018      15.14    0.02
Task 3 of 32 (0,0,0,1,1,0)  R16-M0-N00-J11 003  Task 19 of 32 (0,0,2,1,1,0)  R16-M0-N01-J10 019      15.26    0.02
Task 3 of 32 (0,0,0,1,1,0)  R16-M0-N00-J11 003  Task 20 of 32 (0,0,2,2,0,0)  R16-M0-N03-J13 020      15.40    0.02
Task 3 of 32 (0,0,0,1,1,0)  R16-M0-N00-J11 003  Task 21 of 32 (0,0,2,2,1,0)  R16-M0-N03-J10 021      15.15    0.02
Task 3 of 32 (0,0,0,1,1,0)  R16-M0-N00-J11 003  Task 22 of 32 (0,0,2,3,0,0)  R16-M0-N03-J01 022      15.38    0.02
Task 3 of 32 (0,0,0,1,1,0)  R16-M0-N00-J11 003  Task 23 of 32 (0,0,2,3,1,0)  R16-M0-N03-J06 023      15.54    0.03
Task 3 of 32 (0,0,0,1,1,0)  R16-M0-N00-J11 003  Task 24 of 32 (0,0,3,0,0,0)  R16-M0-N01-J00 024      15.22    0.02
Task 3 of 32 (0,0,0,1,1,0)  R16-M0-N00-J11 003  Task 25 of 32 (0,0,3,0,1,0)  R16-M0-N01-J07 025      15.30    0.02
Task 3 of 32 (0,0,0,1,1,0)  R16-M0-N00-J11 003  Task 26 of 32 (0,0,3,1,0,0)  R16-M0-N01-J12 026      15.20    0.02
Task 3 of 32 (0,0,0,1,1,0)  R16-M0-N00-J11 003  Task 27 of 32 (0,0,3,1,1,0)  R16-M0-N01-J11 027      15.12    0.02
Task 3 of 32 (0,0,0,1,1,0)  R16-M0-N00-J11 003  Task 28 of 32 (0,0,3,2,0,0)  R16-M0-N03-J12 028      15.30    0.03
Task 3 of 32 (0,0,0,1,1,0)  R16-M0-N00-J11 003  Task 29 of 32 (0,0,3,2,1,0)  R16-M0-N03-J11 029      15.33    0.03
Task 3 of 32 (0,0,0,1,1,0)  R16-M0-N00-J11 003  Task 30 of 32 (0,0,3,3,0,0)  R16-M0-N03-J00 030      15.34    0.02
Task 3 of 32 (0,0,0,1,1,0)  R16-M0-N00-J11 003  Task 31 of 32 (0,0,3,3,1,0)  R16-M0-N03-J07 031      15.30    0.02
Task 4 of 32 (0,0,0,2,0,0)  R16-M0-N02-J12 004  Task 4 of 32 (0,0,0,2,0,0)  R16-M0-N02-J12 004       0.00    0.00
Task 4 of 32 (0,0,0,2,0,0)  R16-M0-N02-J12 004  Task 5 of 32 (0,0,0,2,1,0)  R16-M0-N02-J11 005      15.31    0.03
Task 4 of 32 (0,0,0,2,0,0)  R16-M0-N02-J12 004  Task 6 of 32 (0,0,0,3,0,0)  R16-M0-N02-J00 006      14.93    0.03
Task 4 of 32 (0,0,0,2,0,0)  R16-M0-N02-J12 004  Task 7 of 32 (0,0,0,3,1,0)  R16-M0-N02-J07 007      15.03    0.03
Task 4 of 32 (0,0,0,2,0,0)  R16-M0-N02-J12 004  Task 8 of 32 (0,0,1,0,0,0)  R16-M0-N00-J01 008      15.28    0.02
Task 4 of 32 (0,0,0,2,0,0)  R16-M0-N02-J12 004  Task 9 of 32 (0,0,1,0,1,0)  R16-M0-N00-J06 009      15.18    0.02
Task 4 of 32 (0,0,0,2,0,0)  R16-M0-N02-J12 004  Task 10 of 32 (0,0,1,1,0,0)  R16-M0-N00-J13 010      14.91    0.02
Task 4 of 32 (0,0,0,2,0,0)  R16-M0-N02-J12 004  Task 11 of 32 (0,0,1,1,1,0)  R16-M0-N00-J10 011      15.19    0.03
Task 4 of 32 (0,0,0,2,0,0)  R16-M0-N02-J12 004  Task 12 of 32 (0,0,1,2,0,0)  R16-M0-N02-J13 012      15.01    0.02
Task 4 of 32 (0,0,0,2,0,0)  R16-M0-N02-J12 004  Task 13 of 32 (0,0,1,2,1,0)  R16-M0-N02-J10 013      15.11    0.03
Task 4 of 32 (0,0,0,2,0,0)  R16-M0-N02-J12 004  Task 14 of 32 (0,0,1,3,0,0)  R16-M0-N02-J01 014      15.05    0.02
Task 4 of 32 (0,0,0,2,0,0)  R16-M0-N02-J12 004  Task 15 of 32 (0,0,1,3,1,0)  R16-M0-N02-J06 015      15.30    0.03
Task 4 of 32 (0,0,0,2,0,0)  R16-M0-N02-J12 004  Task 16 of 32 (0,0,2,0,0,0)  R16-M0-N01-J01 016      15.43    0.03
Task 4 of 32 (0,0,0,2,0,0)  R16-M0-N02-J12 004  Task 17 of 32 (0,0,2,0,1,0)  R16-M0-N01-J06 017      15.57    0.03
Task 4 of 32 (0,0,0,2,0,0)  R16-M0-N02-J12 004  Task 18 of 32 (0,0,2,1,0,0)  R16-M0-N01-J13 018      15.26    0.03
Task 4 of 32 (0,0,0,2,0,0)  R16-M0-N02-J12 004  Task 19 of 32 (0,0,2,1,1,0)  R16-M0-N01-J10 019      15.44    0.03
Task 4 of 32 (0,0,0,2,0,0)  R16-M0-N02-J12 004  Task 20 of 32 (0,0,2,2,0,0)  R16-M0-N03-J13 020      15.19    0.03
Task 4 of 32 (0,0,0,2,0,0)  R16-M0-N02-J12 004  Task 21 of 32 (0,0,2,2,1,0)  R16-M0-N03-J10 021      15.29    0.03
Task 4 of 32 (0,0,0,2,0,0)  R16-M0-N02-J12 004  Task 22 of 32 (0,0,2,3,0,0)  R16-M0-N03-J01 022      15.25    0.03
Task 4 of 32 (0,0,0,2,0,0)  R16-M0-N02-J12 004  Task 23 of 32 (0,0,2,3,1,0)  R16-M0-N03-J06 023      15.37    0.03
Task 4 of 32 (0,0,0,2,0,0)  R16-M0-N02-J12 004  Task 24 of 32 (0,0,3,0,0,0)  R16-M0-N01-J00 024      15.28    0.02
Task 4 of 32 (0,0,0,2,0,0)  R16-M0-N02-J12 004  Task 25 of 32 (0,0,3,0,1,0)  R16-M0-N01-J07 025      15.36    0.02
Task 4 of 32 (0,0,0,2,0,0)  R16-M0-N02-J12 004  Task 26 of 32 (0,0,3,1,0,0)  R16-M0-N01-J12 026      15.19    0.02
Task 4 of 32 (0,0,0,2,0,0)  R16-M0-N02-J12 004  Task 27 of 32 (0,0,3,1,1,0)  R16-M0-N01-J11 027      15.30    0.03
Task 4 of 32 (0,0,0,2,0,0)  R16-M0-N02-J12 004  Task 28 of 32 (0,0,3,2,0,0)  R16-M0-N03-J12 028      15.15    0.03
Task 4 of 32 (0,0,0,2,0,0)  R16-M0-N02-J12 004  Task 29 of 32 (0,0,3,2,1,0)  R16-M0-N03-J11 029      15.27    0.03
Task 4 of 32 (0,0,0,2,0,0)  R16-M0-N02-J12 004  Task 30 of 32 (0,0,3,3,0,0)  R16-M0-N03-J00 030      15.18    0.02
Task 4 of 32 (0,0,0,2,0,0)  R16-M0-N02-J12 004  Task 31 of 32 (0,0,3,3,1,0)  R16-M0-N03-J07 031      15.31    0.02
Task 5 of 32 (0,0,0,2,1,0)  R16-M0-N02-J11 005  Task 5 of 32 (0,0,0,2,1,0)  R16-M0-N02-J11 005       0.00    0.00
Task 5 of 32 (0,0,0,2,1,0)  R16-M0-N02-J11 005  Task 6 of 32 (0,0,0,3,0,0)  R16-M0-N02-J00 006      15.54    0.03
Task 5 of 32 (0,0,0,2,1,0)  R16-M0-N02-J11 005  Task 7 of 32 (0,0,0,3,1,0)  R16-M0-N02-J07 007      14.86    0.02
Task 5 of 32 (0,0,0,2,1,0)  R16-M0-N02-J11 005  Task 8 of 32 (0,0,1,0,0,0)  R16-M0-N00-J01 008      15.30    0.02
Task 5 of 32 (0,0,0,2,1,0)  R16-M0-N02-J11 005  Task 9 of 32 (0,0,1,0,1,0)  R16-M0-N00-J06 009      14.98    0.03
Task 5 of 32 (0,0,0,2,1,0)  R16-M0-N02-J11 005  Task 10 of 32 (0,0,1,1,0,0)  R16-M0-N00-J13 010      14.89    0.02
Task 5 of 32 (0,0,0,2,1,0)  R16-M0-N02-J11 005  Task 11 of 32 (0,0,1,1,1,0)  R16-M0-N00-J10 011      14.97    0.02
Task 5 of 32 (0,0,0,2,1,0)  R16-M0-N02-J11 005  Task 12 of 32 (0,0,1,2,0,0)  R16-M0-N02-J13 012      14.96    0.03
Task 5 of 32 (0,0,0,2,1,0)  R16-M0-N02-J11 005  Task 13 of 32 (0,0,1,2,1,0)  R16-M0-N02-J10 013      14.92    0.03
Task 5 of 32 (0,0,0,2,1,0)  R16-M0-N02-J11 005  Task 14 of 32 (0,0,1,3,0,0)  R16-M0-N02-J01 014      15.15    0.03
Task 5 of 32 (0,0,0,2,1,0)  R16-M0-N02-J11 005  Task 15 of 32 (0,0,1,3,1,0)  R16-M0-N02-J06 015      14.97    0.02
Task 5 of 32 (0,0,0,2,1,0)  R16-M0-N02-J11 005  Task 16 of 32 (0,0,2,0,0,0)  R16-M0-N01-J01 016      15.49    0.03
Task 5 of 32 (0,0,0,2,1,0)  R16-M0-N02-J11 005  Task 17 of 32 (0,0,2,0,1,0)  R16-M0-N01-J06 017      15.55    0.03
Task 5 of 32 (0,0,0,2,1,0)  R16-M0-N02-J11 005  Task 18 of 32 (0,0,2,1,0,0)  R16-M0-N01-J13 018      15.27    0.03
Task 5 of 32 (0,0,0,2,1,0)  R16-M0-N02-J11 005  Task 19 of 32 (0,0,2,1,1,0)  R16-M0-N01-J10 019      15.19    0.03
Task 5 of 32 (0,0,0,2,1,0)  R16-M0-N02-J11 005  Task 20 of 32 (0,0,2,2,0,0)  R16-M0-N03-J13 020      15.30    0.03
Task 5 of 32 (0,0,0,2,1,0)  R16-M0-N02-J11 005  Task 21 of 32 (0,0,2,2,1,0)  R16-M0-N03-J10 021      15.12    0.03
Task 5 of 32 (0,0,0,2,1,0)  R16-M0-N02-J11 005  Task 22 of 32 (0,0,2,3,0,0)  R16-M0-N03-J01 022      15.27    0.03
Task 5 of 32 (0,0,0,2,1,0)  R16-M0-N02-J11 005  Task 23 of 32 (0,0,2,3,1,0)  R16-M0-N03-J06 023      15.17    0.03
Task 5 of 32 (0,0,0,2,1,0)  R16-M0-N02-J11 005  Task 24 of 32 (0,0,3,0,0,0)  R16-M0-N01-J00 024      15.34    0.02
Task 5 of 32 (0,0,0,2,1,0)  R16-M0-N02-J11 005  Task 25 of 32 (0,0,3,0,1,0)  R16-M0-N01-J07 025      15.25    0.02
Task 5 of 32 (0,0,0,2,1,0)  R16-M0-N02-J11 005  Task 26 of 32 (0,0,3,1,0,0)  R16-M0-N01-J12 026      15.25    0.02
Task 5 of 32 (0,0,0,2,1,0)  R16-M0-N02-J11 005  Task 27 of 32 (0,0,3,1,1,0)  R16-M0-N01-J11 027      15.35    0.02
Task 5 of 32 (0,0,0,2,1,0)  R16-M0-N02-J11 005  Task 28 of 32 (0,0,3,2,0,0)  R16-M0-N03-J12 028      15.25    0.02
Task 5 of 32 (0,0,0,2,1,0)  R16-M0-N02-J11 005  Task 29 of 32 (0,0,3,2,1,0)  R16-M0-N03-J11 029      15.01    0.02
Task 5 of 32 (0,0,0,2,1,0)  R16-M0-N02-J11 005  Task 30 of 32 (0,0,3,3,0,0)  R16-M0-N03-J00 030      15.27    0.02
Task 5 of 32 (0,0,0,2,1,0)  R16-M0-N02-J11 005  Task 31 of 32 (0,0,3,3,1,0)  R16-M0-N03-J07 031      15.31    0.02
Task 6 of 32 (0,0,0,3,0,0)  R16-M0-N02-J00 006  Task 6 of 32 (0,0,0,3,0,0)  R16-M0-N02-J00 006       0.00    0.00
Task 6 of 32 (0,0,0,3,0,0)  R16-M0-N02-J00 006  Task 7 of 32 (0,0,0,3,1,0)  R16-M0-N02-J07 007      15.40    0.03
Task 6 of 32 (0,0,0,3,0,0)  R16-M0-N02-J00 006  Task 8 of 32 (0,0,1,0,0,0)  R16-M0-N00-J01 008      15.18    0.03
Task 6 of 32 (0,0,0,3,0,0)  R16-M0-N02-J00 006  Task 9 of 32 (0,0,1,0,1,0)  R16-M0-N00-J06 009      15.25    0.02
Task 6 of 32 (0,0,0,3,0,0)  R16-M0-N02-J00 006  Task 10 of 32 (0,0,1,1,0,0)  R16-M0-N00-J13 010      15.07    0.02
Task 6 of 32 (0,0,0,3,0,0)  R16-M0-N02-J00 006  Task 11 of 32 (0,0,1,1,1,0)  R16-M0-N00-J10 011      15.14    0.02
Task 6 of 32 (0,0,0,3,0,0)  R16-M0-N02-J00 006  Task 12 of 32 (0,0,1,2,0,0)  R16-M0-N02-J13 012      14.84    0.02
Task 6 of 32 (0,0,0,3,0,0)  R16-M0-N02-J00 006  Task 13 of 32 (0,0,1,2,1,0)  R16-M0-N02-J10 013      15.30    0.02
Task 6 of 32 (0,0,0,3,0,0)  R16-M0-N02-J00 006  Task 14 of 32 (0,0,1,3,0,0)  R16-M0-N02-J01 014      14.95    0.02
Task 6 of 32 (0,0,0,3,0,0)  R16-M0-N02-J00 006  Task 15 of 32 (0,0,1,3,1,0)  R16-M0-N02-J06 015      14.99    0.02
Task 6 of 32 (0,0,0,3,0,0)  R16-M0-N02-J00 006  Task 16 of 32 (0,0,2,0,0,0)  R16-M0-N01-J01 016      15.28    0.03
Task 6 of 32 (0,0,0,3,0,0)  R16-M0-N02-J00 006  Task 17 of 32 (0,0,2,0,1,0)  R16-M0-N01-J06 017      15.41    0.03
Task 6 of 32 (0,0,0,3,0,0)  R16-M0-N02-J00 006  Task 18 of 32 (0,0,2,1,0,0)  R16-M0-N01-J13 018      15.24    0.02
Task 6 of 32 (0,0,0,3,0,0)  R16-M0-N02-J00 006  Task 19 of 32 (0,0,2,1,1,0)  R16-M0-N01-J10 019      15.43    0.03
Task 6 of 32 (0,0,0,3,0,0)  R16-M0-N02-J00 006  Task 20 of 32 (0,0,2,2,0,0)  R16-M0-N03-J13 020      15.36    0.03
Task 6 of 32 (0,0,0,3,0,0)  R16-M0-N02-J00 006  Task 21 of 32 (0,0,2,2,1,0)  R16-M0-N03-J10 021      15.42    0.03
Task 6 of 32 (0,0,0,3,0,0)  R16-M0-N02-J00 006  Task 22 of 32 (0,0,2,3,0,0)  R16-M0-N03-J01 022      15.11    0.02
Task 6 of 32 (0,0,0,3,0,0)  R16-M0-N02-J00 006  Task 23 of 32 (0,0,2,3,1,0)  R16-M0-N03-J06 023      15.29    0.03
Task 6 of 32 (0,0,0,3,0,0)  R16-M0-N02-J00 006  Task 24 of 32 (0,0,3,0,0,0)  R16-M0-N01-J00 024      14.98    0.02
Task 6 of 32 (0,0,0,3,0,0)  R16-M0-N02-J00 006  Task 25 of 32 (0,0,3,0,1,0)  R16-M0-N01-J07 025      15.13    0.02
Task 6 of 32 (0,0,0,3,0,0)  R16-M0-N02-J00 006  Task 26 of 32 (0,0,3,1,0,0)  R16-M0-N01-J12 026      15.16    0.02
Task 6 of 32 (0,0,0,3,0,0)  R16-M0-N02-J00 006  Task 27 of 32 (0,0,3,1,1,0)  R16-M0-N01-J11 027      15.28    0.03
Task 6 of 32 (0,0,0,3,0,0)  R16-M0-N02-J00 006  Task 28 of 32 (0,0,3,2,0,0)  R16-M0-N03-J12 028      15.14    0.03
Task 6 of 32 (0,0,0,3,0,0)  R16-M0-N02-J00 006  Task 29 of 32 (0,0,3,2,1,0)  R16-M0-N03-J11 029      15.20    0.02
Task 6 of 32 (0,0,0,3,0,0)  R16-M0-N02-J00 006  Task 30 of 32 (0,0,3,3,0,0)  R16-M0-N03-J00 030      15.08    0.03
Task 6 of 32 (0,0,0,3,0,0)  R16-M0-N02-J00 006  Task 31 of 32 (0,0,3,3,1,0)  R16-M0-N03-J07 031      15.19    0.02
Task 7 of 32 (0,0,0,3,1,0)  R16-M0-N02-J07 007  Task 7 of 32 (0,0,0,3,1,0)  R16-M0-N02-J07 007       0.00    0.00
Task 7 of 32 (0,0,0,3,1,0)  R16-M0-N02-J07 007  Task 8 of 32 (0,0,1,0,0,0)  R16-M0-N00-J01 008      15.80    0.03
Task 7 of 32 (0,0,0,3,1,0)  R16-M0-N02-J07 007  Task 9 of 32 (0,0,1,0,1,0)  R16-M0-N00-J06 009      15.22    0.02
Task 7 of 32 (0,0,0,3,1,0)  R16-M0-N02-J07 007  Task 10 of 32 (0,0,1,1,0,0)  R16-M0-N00-J13 010      15.20    0.02
Task 7 of 32 (0,0,0,3,1,0)  R16-M0-N02-J07 007  Task 11 of 32 (0,0,1,1,1,0)  R16-M0-N00-J10 011      15.05    0.02
Task 7 of 32 (0,0,0,3,1,0)  R16-M0-N02-J07 007  Task 12 of 32 (0,0,1,2,0,0)  R16-M0-N02-J13 012      15.05    0.02
Task 7 of 32 (0,0,0,3,1,0)  R16-M0-N02-J07 007  Task 13 of 32 (0,0,1,2,1,0)  R16-M0-N02-J10 013      14.99    0.03
Task 7 of 32 (0,0,0,3,1,0)  R16-M0-N02-J07 007  Task 14 of 32 (0,0,1,3,0,0)  R16-M0-N02-J01 014      15.00    0.03
Task 7 of 32 (0,0,0,3,1,0)  R16-M0-N02-J07 007  Task 15 of 32 (0,0,1,3,1,0)  R16-M0-N02-J06 015      14.86    0.03
Task 7 of 32 (0,0,0,3,1,0)  R16-M0-N02-J07 007  Task 16 of 32 (0,0,2,0,0,0)  R16-M0-N01-J01 016      15.36    0.03
Task 7 of 32 (0,0,0,3,1,0)  R16-M0-N02-J07 007  Task 17 of 32 (0,0,2,0,1,0)  R16-M0-N01-J06 017      15.23    0.03
Task 7 of 32 (0,0,0,3,1,0)  R16-M0-N02-J07 007  Task 18 of 32 (0,0,2,1,0,0)  R16-M0-N01-J13 018      15.45    0.03
Task 7 of 32 (0,0,0,3,1,0)  R16-M0-N02-J07 007  Task 19 of 32 (0,0,2,1,1,0)  R16-M0-N01-J10 019      15.46    0.03
Task 7 of 32 (0,0,0,3,1,0)  R16-M0-N02-J07 007  Task 20 of 32 (0,0,2,2,0,0)  R16-M0-N03-J13 020      15.25    0.02
Task 7 of 32 (0,0,0,3,1,0)  R16-M0-N02-J07 007  Task 21 of 32 (0,0,2,2,1,0)  R16-M0-N03-J10 021      15.14    0.03
Task 7 of 32 (0,0,0,3,1,0)  R16-M0-N02-J07 007  Task 22 of 32 (0,0,2,3,0,0)  R16-M0-N03-J01 022      15.09    0.03
Task 7 of 32 (0,0,0,3,1,0)  R16-M0-N02-J07 007  Task 23 of 32 (0,0,2,3,1,0)  R16-M0-N03-J06 023      15.03    0.02
Task 7 of 32 (0,0,0,3,1,0)  R16-M0-N02-J07 007  Task 24 of 32 (0,0,3,0,0,0)  R16-M0-N01-J00 024      15.27    0.03
Task 7 of 32 (0,0,0,3,1,0)  R16-M0-N02-J07 007  Task 25 of 32 (0,0,3,0,1,0)  R16-M0-N01-J07 025      14.93    0.02
Task 7 of 32 (0,0,0,3,1,0)  R16-M0-N02-J07 007  Task 26 of 32 (0,0,3,1,0,0)  R16-M0-N01-J12 026      15.11    0.02
Task 7 of 32 (0,0,0,3,1,0)  R16-M0-N02-J07 007  Task 27 of 32 (0,0,3,1,1,0)  R16-M0-N01-J11 027      15.30    0.02
Task 7 of 32 (0,0,0,3,1,0)  R16-M0-N02-J07 007  Task 28 of 32 (0,0,3,2,0,0)  R16-M0-N03-J12 028      15.29    0.02
Task 7 of 32 (0,0,0,3,1,0)  R16-M0-N02-J07 007  Task 29 of 32 (0,0,3,2,1,0)  R16-M0-N03-J11 029      15.19    0.02
Task 7 of 32 (0,0,0,3,1,0)  R16-M0-N02-J07 007  Task 30 of 32 (0,0,3,3,0,0)  R16-M0-N03-J00 030      15.20    0.02
Task 7 of 32 (0,0,0,3,1,0)  R16-M0-N02-J07 007  Task 31 of 32 (0,0,3,3,1,0)  R16-M0-N03-J07 031      15.10    0.02
Task 8 of 32 (0,0,1,0,0,0)  R16-M0-N00-J01 008  Task 8 of 32 (0,0,1,0,0,0)  R16-M0-N00-J01 008       0.00    0.00
Task 8 of 32 (0,0,1,0,0,0)  R16-M0-N00-J01 008  Task 9 of 32 (0,0,1,0,1,0)  R16-M0-N00-J06 009      15.33    0.02
Task 8 of 32 (0,0,1,0,0,0)  R16-M0-N00-J01 008  Task 10 of 32 (0,0,1,1,0,0)  R16-M0-N00-J13 010      14.93    0.02
Task 8 of 32 (0,0,1,0,0,0)  R16-M0-N00-J01 008  Task 11 of 32 (0,0,1,1,1,0)  R16-M0-N00-J10 011      15.00    0.03
Task 8 of 32 (0,0,1,0,0,0)  R16-M0-N00-J01 008  Task 12 of 32 (0,0,1,2,0,0)  R16-M0-N02-J13 012      15.10    0.02
Task 8 of 32 (0,0,1,0,0,0)  R16-M0-N00-J01 008  Task 13 of 32 (0,0,1,2,1,0)  R16-M0-N02-J10 013      15.11    0.02
Task 8 of 32 (0,0,1,0,0,0)  R16-M0-N00-J01 008  Task 14 of 32 (0,0,1,3,0,0)  R16-M0-N02-J01 014      14.89    0.03
Task 8 of 32 (0,0,1,0,0,0)  R16-M0-N00-J01 008  Task 15 of 32 (0,0,1,3,1,0)  R16-M0-N02-J06 015      15.07    0.02
Task 8 of 32 (0,0,1,0,0,0)  R16-M0-N00-J01 008  Task 16 of 32 (0,0,2,0,0,0)  R16-M0-N01-J01 016      14.90    0.02
Task 8 of 32 (0,0,1,0,0,0)  R16-M0-N00-J01 008  Task 17 of 32 (0,0,2,0,1,0)  R16-M0-N01-J06 017      15.23    0.03
Task 8 of 32 (0,0,1,0,0,0)  R16-M0-N00-J01 008  Task 18 of 32 (0,0,2,1,0,0)  R16-M0-N01-J13 018      15.09    0.03
Task 8 of 32 (0,0,1,0,0,0)  R16-M0-N00-J01 008  Task 19 of 32 (0,0,2,1,1,0)  R16-M0-N01-J10 019      15.29    0.03
Task 8 of 32 (0,0,1,0,0,0)  R16-M0-N00-J01 008  Task 20 of 32 (0,0,2,2,0,0)  R16-M0-N03-J13 020      15.29    0.03
Task 8 of 32 (0,0,1,0,0,0)  R16-M0-N00-J01 008  Task 21 of 32 (0,0,2,2,1,0)  R16-M0-N03-J10 021      15.23    0.02
Task 8 of 32 (0,0,1,0,0,0)  R16-M0-N00-J01 008  Task 22 of 32 (0,0,2,3,0,0)  R16-M0-N03-J01 022      15.08    0.02
Task 8 of 32 (0,0,1,0,0,0)  R16-M0-N00-J01 008  Task 23 of 32 (0,0,2,3,1,0)  R16-M0-N03-J06 023      15.18    0.02
Task 8 of 32 (0,0,1,0,0,0)  R16-M0-N00-J01 008  Task 24 of 32 (0,0,3,0,0,0)  R16-M0-N01-J00 024      15.11    0.02
Task 8 of 32 (0,0,1,0,0,0)  R16-M0-N00-J01 008  Task 25 of 32 (0,0,3,0,1,0)  R16-M0-N01-J07 025      15.23    0.03
Task 8 of 32 (0,0,1,0,0,0)  R16-M0-N00-J01 008  Task 26 of 32 (0,0,3,1,0,0)  R16-M0-N01-J12 026      15.15    0.03
Task 8 of 32 (0,0,1,0,0,0)  R16-M0-N00-J01 008  Task 27 of 32 (0,0,3,1,1,0)  R16-M0-N01-J11 027      15.32    0.03
Task 8 of 32 (0,0,1,0,0,0)  R16-M0-N00-J01 008  Task 28 of 32 (0,0,3,2,0,0)  R16-M0-N03-J12 028      15.48    0.03
Task 8 of 32 (0,0,1,0,0,0)  R16-M0-N00-J01 008  Task 29 of 32 (0,0,3,2,1,0)  R16-M0-N03-J11 029      15.52    0.02
Task 8 of 32 (0,0,1,0,0,0)  R16-M0-N00-J01 008  Task 30 of 32 (0,0,3,3,0,0)  R16-M0-N03-J00 030      15.26    0.02
Task 8 of 32 (0,0,1,0,0,0)  R16-M0-N00-J01 008  Task 31 of 32 (0,0,3,3,1,0)  R16-M0-N03-J07 031      15.39    0.02
Task 9 of 32 (0,0,1,0,1,0)  R16-M0-N00-J06 009  Task 9 of 32 (0,0,1,0,1,0)  R16-M0-N00-J06 009       0.00    0.00
Task 9 of 32 (0,0,1,0,1,0)  R16-M0-N00-J06 009  Task 10 of 32 (0,0,1,1,0,0)  R16-M0-N00-J13 010      15.29    0.02
Task 9 of 32 (0,0,1,0,1,0)  R16-M0-N00-J06 009  Task 11 of 32 (0,0,1,1,1,0)  R16-M0-N00-J10 011      14.91    0.02
Task 9 of 32 (0,0,1,0,1,0)  R16-M0-N00-J06 009  Task 12 of 32 (0,0,1,2,0,0)  R16-M0-N02-J13 012      15.32    0.03
Task 9 of 32 (0,0,1,0,1,0)  R16-M0-N00-J06 009  Task 13 of 32 (0,0,1,2,1,0)  R16-M0-N02-J10 013      14.94    0.03
Task 9 of 32 (0,0,1,0,1,0)  R16-M0-N00-J06 009  Task 14 of 32 (0,0,1,3,0,0)  R16-M0-N02-J01 014      15.12    0.03
Task 9 of 32 (0,0,1,0,1,0)  R16-M0-N00-J06 009  Task 15 of 32 (0,0,1,3,1,0)  R16-M0-N02-J06 015      14.95    0.02
Task 9 of 32 (0,0,1,0,1,0)  R16-M0-N00-J06 009  Task 16 of 32 (0,0,2,0,0,0)  R16-M0-N01-J01 016      14.97    0.03
Task 9 of 32 (0,0,1,0,1,0)  R16-M0-N00-J06 009  Task 17 of 32 (0,0,2,0,1,0)  R16-M0-N01-J06 017      14.86    0.03
Task 9 of 32 (0,0,1,0,1,0)  R16-M0-N00-J06 009  Task 18 of 32 (0,0,2,1,0,0)  R16-M0-N01-J13 018      15.12    0.02
Task 9 of 32 (0,0,1,0,1,0)  R16-M0-N00-J06 009  Task 19 of 32 (0,0,2,1,1,0)  R16-M0-N01-J10 019      14.96    0.02
Task 9 of 32 (0,0,1,0,1,0)  R16-M0-N00-J06 009  Task 20 of 32 (0,0,2,2,0,0)  R16-M0-N03-J13 020      15.40    0.03
Task 9 of 32 (0,0,1,0,1,0)  R16-M0-N00-J06 009  Task 21 of 32 (0,0,2,2,1,0)  R16-M0-N03-J10 021      15.13    0.03
Task 9 of 32 (0,0,1,0,1,0)  R16-M0-N00-J06 009  Task 22 of 32 (0,0,2,3,0,0)  R16-M0-N03-J01 022      15.20    0.03
Task 9 of 32 (0,0,1,0,1,0)  R16-M0-N00-J06 009  Task 23 of 32 (0,0,2,3,1,0)  R16-M0-N03-J06 023      15.33    0.03
Task 9 of 32 (0,0,1,0,1,0)  R16-M0-N00-J06 009  Task 24 of 32 (0,0,3,0,0,0)  R16-M0-N01-J00 024      15.13    0.02
Task 9 of 32 (0,0,1,0,1,0)  R16-M0-N00-J06 009  Task 25 of 32 (0,0,3,0,1,0)  R16-M0-N01-J07 025      15.07    0.02
Task 9 of 32 (0,0,1,0,1,0)  R16-M0-N00-J06 009  Task 26 of 32 (0,0,3,1,0,0)  R16-M0-N01-J12 026      15.33    0.02
Task 9 of 32 (0,0,1,0,1,0)  R16-M0-N00-J06 009  Task 27 of 32 (0,0,3,1,1,0)  R16-M0-N01-J11 027      15.10    0.02
Task 9 of 32 (0,0,1,0,1,0)  R16-M0-N00-J06 009  Task 28 of 32 (0,0,3,2,0,0)  R16-M0-N03-J12 028      15.41    0.02
Task 9 of 32 (0,0,1,0,1,0)  R16-M0-N00-J06 009  Task 29 of 32 (0,0,3,2,1,0)  R16-M0-N03-J11 029      15.47    0.02
Task 9 of 32 (0,0,1,0,1,0)  R16-M0-N00-J06 009  Task 30 of 32 (0,0,3,3,0,0)  R16-M0-N03-J00 030      15.34    0.03
Task 9 of 32 (0,0,1,0,1,0)  R16-M0-N00-J06 009  Task 31 of 32 (0,0,3,3,1,0)  R16-M0-N03-J07 031      15.23    0.02
Task 10 of 32 (0,0,1,1,0,0)  R16-M0-N00-J13 010  Task 10 of 32 (0,0,1,1,0,0)  R16-M0-N00-J13 010       0.00    0.00
Task 10 of 32 (0,0,1,1,0,0)  R16-M0-N00-J13 010  Task 11 of 32 (0,0,1,1,1,0)  R16-M0-N00-J10 011      15.37    0.03
Task 10 of 32 (0,0,1,1,0,0)  R16-M0-N00-J13 010  Task 12 of 32 (0,0,1,2,0,0)  R16-M0-N02-J13 012      14.97    0.02
Task 10 of 32 (0,0,1,1,0,0)  R16-M0-N00-J13 010  Task 13 of 32 (0,0,1,2,1,0)  R16-M0-N02-J10 013      15.03    0.03
Task 10 of 32 (0,0,1,1,0,0)  R16-M0-N00-J13 010  Task 14 of 32 (0,0,1,3,0,0)  R16-M0-N02-J01 014      14.93    0.03
Task 10 of 32 (0,0,1,1,0,0)  R16-M0-N00-J13 010  Task 15 of 32 (0,0,1,3,1,0)  R16-M0-N02-J06 015      15.09    0.03
Task 10 of 32 (0,0,1,1,0,0)  R16-M0-N00-J13 010  Task 16 of 32 (0,0,2,0,0,0)  R16-M0-N01-J01 016      14.79    0.02
Task 10 of 32 (0,0,1,1,0,0)  R16-M0-N00-J13 010  Task 17 of 32 (0,0,2,0,1,0)  R16-M0-N01-J06 017      15.23    0.03
Task 10 of 32 (0,0,1,1,0,0)  R16-M0-N00-J13 010  Task 18 of 32 (0,0,2,1,0,0)  R16-M0-N01-J13 018      14.96    0.02
Task 10 of 32 (0,0,1,1,0,0)  R16-M0-N00-J13 010  Task 19 of 32 (0,0,2,1,1,0)  R16-M0-N01-J10 019      14.88    0.02
Task 10 of 32 (0,0,1,1,0,0)  R16-M0-N00-J13 010  Task 20 of 32 (0,0,2,2,0,0)  R16-M0-N03-J13 020      15.04    0.03
Task 10 of 32 (0,0,1,1,0,0)  R16-M0-N00-J13 010  Task 21 of 32 (0,0,2,2,1,0)  R16-M0-N03-J10 021      15.33    0.03
Task 10 of 32 (0,0,1,1,0,0)  R16-M0-N00-J13 010  Task 22 of 32 (0,0,2,3,0,0)  R16-M0-N03-J01 022      15.19    0.03
Task 10 of 32 (0,0,1,1,0,0)  R16-M0-N00-J13 010  Task 23 of 32 (0,0,2,3,1,0)  R16-M0-N03-J06 023      15.42    0.03
Task 10 of 32 (0,0,1,1,0,0)  R16-M0-N00-J13 010  Task 24 of 32 (0,0,3,0,0,0)  R16-M0-N01-J00 024      15.10    0.02
Task 10 of 32 (0,0,1,1,0,0)  R16-M0-N00-J13 010  Task 25 of 32 (0,0,3,0,1,0)  R16-M0-N01-J07 025      15.34    0.03
Task 10 of 32 (0,0,1,1,0,0)  R16-M0-N00-J13 010  Task 26 of 32 (0,0,3,1,0,0)  R16-M0-N01-J12 026      15.13    0.02
Task 10 of 32 (0,0,1,1,0,0)  R16-M0-N00-J13 010  Task 27 of 32 (0,0,3,1,1,0)  R16-M0-N01-J11 027      15.22    0.03
Task 10 of 32 (0,0,1,1,0,0)  R16-M0-N00-J13 010  Task 28 of 32 (0,0,3,2,0,0)  R16-M0-N03-J12 028      15.21    0.02
Task 10 of 32 (0,0,1,1,0,0)  R16-M0-N00-J13 010  Task 29 of 32 (0,0,3,2,1,0)  R16-M0-N03-J11 029      15.30    0.02
Task 10 of 32 (0,0,1,1,0,0)  R16-M0-N00-J13 010  Task 30 of 32 (0,0,3,3,0,0)  R16-M0-N03-J00 030      15.30    0.02
Task 10 of 32 (0,0,1,1,0,0)  R16-M0-N00-J13 010  Task 31 of 32 (0,0,3,3,1,0)  R16-M0-N03-J07 031      15.33    0.02
Task 11 of 32 (0,0,1,1,1,0)  R16-M0-N00-J10 011  Task 11 of 32 (0,0,1,1,1,0)  R16-M0-N00-J10 011       0.00    0.00
Task 11 of 32 (0,0,1,1,1,0)  R16-M0-N00-J10 011  Task 12 of 32 (0,0,1,2,0,0)  R16-M0-N02-J13 012      15.41    0.02
Task 11 of 32 (0,0,1,1,1,0)  R16-M0-N00-J10 011  Task 13 of 32 (0,0,1,2,1,0)  R16-M0-N02-J10 013      14.91    0.02
Task 11 of 32 (0,0,1,1,1,0)  R16-M0-N00-J10 011  Task 14 of 32 (0,0,1,3,0,0)  R16-M0-N02-J01 014      15.19    0.02
Task 11 of 32 (0,0,1,1,1,0)  R16-M0-N00-J10 011  Task 15 of 32 (0,0,1,3,1,0)  R16-M0-N02-J06 015      15.00    0.02
Task 11 of 32 (0,0,1,1,1,0)  R16-M0-N00-J10 011  Task 16 of 32 (0,0,2,0,0,0)  R16-M0-N01-J01 016      15.01    0.02
Task 11 of 32 (0,0,1,1,1,0)  R16-M0-N00-J10 011  Task 17 of 32 (0,0,2,0,1,0)  R16-M0-N01-J06 017      14.95    0.02
Task 11 of 32 (0,0,1,1,1,0)  R16-M0-N00-J10 011  Task 18 of 32 (0,0,2,1,0,0)  R16-M0-N01-J13 018      14.91    0.03
Task 11 of 32 (0,0,1,1,1,0)  R16-M0-N00-J10 011  Task 19 of 32 (0,0,2,1,1,0)  R16-M0-N01-J10 019      14.91    0.02
Task 11 of 32 (0,0,1,1,1,0)  R16-M0-N00-J10 011  Task 20 of 32 (0,0,2,2,0,0)  R16-M0-N03-J13 020      15.15    0.03
Task 11 of 32 (0,0,1,1,1,0)  R16-M0-N00-J10 011  Task 21 of 32 (0,0,2,2,1,0)  R16-M0-N03-J10 021      14.92    0.02
Task 11 of 32 (0,0,1,1,1,0)  R16-M0-N00-J10 011  Task 22 of 32 (0,0,2,3,0,0)  R16-M0-N03-J01 022      15.43    0.03
Task 11 of 32 (0,0,1,1,1,0)  R16-M0-N00-J10 011  Task 23 of 32 (0,0,2,3,1,0)  R16-M0-N03-J06 023      15.22    0.03
Task 11 of 32 (0,0,1,1,1,0)  R16-M0-N00-J10 011  Task 24 of 32 (0,0,3,0,0,0)  R16-M0-N01-J00 024      15.29    0.02
Task 11 of 32 (0,0,1,1,1,0)  R16-M0-N00-J10 011  Task 25 of 32 (0,0,3,0,1,0)  R16-M0-N01-J07 025      15.15    0.02
Task 11 of 32 (0,0,1,1,1,0)  R16-M0-N00-J10 011  Task 26 of 32 (0,0,3,1,0,0)  R16-M0-N01-J12 026      15.20    0.03
Task 11 of 32 (0,0,1,1,1,0)  R16-M0-N00-J10 011  Task 27 of 32 (0,0,3,1,1,0)  R16-M0-N01-J11 027      15.10    0.02
Task 11 of 32 (0,0,1,1,1,0)  R16-M0-N00-J10 011  Task 28 of 32 (0,0,3,2,0,0)  R16-M0-N03-J12 028      15.29    0.03
Task 11 of 32 (0,0,1,1,1,0)  R16-M0-N00-J10 011  Task 29 of 32 (0,0,3,2,1,0)  R16-M0-N03-J11 029      15.09    0.02
Task 11 of 32 (0,0,1,1,1,0)  R16-M0-N00-J10 011  Task 30 of 32 (0,0,3,3,0,0)  R16-M0-N03-J00 030      15.47    0.03
Task 11 of 32 (0,0,1,1,1,0)  R16-M0-N00-J10 011  Task 31 of 32 (0,0,3,3,1,0)  R16-M0-N03-J07 031      15.37    0.02
Task 12 of 32 (0,0,1,2,0,0)  R16-M0-N02-J13 012  Task 12 of 32 (0,0,1,2,0,0)  R16-M0-N02-J13 012       0.00    0.00
Task 12 of 32 (0,0,1,2,0,0)  R16-M0-N02-J13 012  Task 13 of 32 (0,0,1,2,1,0)  R16-M0-N02-J10 013      15.58    0.03
Task 12 of 32 (0,0,1,2,0,0)  R16-M0-N02-J13 012  Task 14 of 32 (0,0,1,3,0,0)  R16-M0-N02-J01 014      15.08    0.03
Task 12 of 32 (0,0,1,2,0,0)  R16-M0-N02-J13 012  Task 15 of 32 (0,0,1,3,1,0)  R16-M0-N02-J06 015      15.19    0.03
Task 12 of 32 (0,0,1,2,0,0)  R16-M0-N02-J13 012  Task 16 of 32 (0,0,2,0,0,0)  R16-M0-N01-J01 016      15.19    0.02
Task 12 of 32 (0,0,1,2,0,0)  R16-M0-N02-J13 012  Task 17 of 32 (0,0,2,0,1,0)  R16-M0-N01-J06 017      15.36    0.03
Task 12 of 32 (0,0,1,2,0,0)  R16-M0-N02-J13 012  Task 18 of 32 (0,0,2,1,0,0)  R16-M0-N01-J13 018      14.94    0.02
Task 12 of 32 (0,0,1,2,0,0)  R16-M0-N02-J13 012  Task 19 of 32 (0,0,2,1,1,0)  R16-M0-N01-J10 019      15.24    0.03
Task 12 of 32 (0,0,1,2,0,0)  R16-M0-N02-J13 012  Task 20 of 32 (0,0,2,2,0,0)  R16-M0-N03-J13 020      15.07    0.03
Task 12 of 32 (0,0,1,2,0,0)  R16-M0-N02-J13 012  Task 21 of 32 (0,0,2,2,1,0)  R16-M0-N03-J10 021      15.04    0.03
Task 12 of 32 (0,0,1,2,0,0)  R16-M0-N02-J13 012  Task 22 of 32 (0,0,2,3,0,0)  R16-M0-N03-J01 022      15.06    0.03
Task 12 of 32 (0,0,1,2,0,0)  R16-M0-N02-J13 012  Task 23 of 32 (0,0,2,3,1,0)  R16-M0-N03-J06 023      15.26    0.03
Task 12 of 32 (0,0,1,2,0,0)  R16-M0-N02-J13 012  Task 24 of 32 (0,0,3,0,0,0)  R16-M0-N01-J00 024      15.44    0.03
Task 12 of 32 (0,0,1,2,0,0)  R16-M0-N02-J13 012  Task 25 of 32 (0,0,3,0,1,0)  R16-M0-N01-J07 025      15.53    0.03
Task 12 of 32 (0,0,1,2,0,0)  R16-M0-N02-J13 012  Task 26 of 32 (0,0,3,1,0,0)  R16-M0-N01-J12 026      15.28    0.03
Task 12 of 32 (0,0,1,2,0,0)  R16-M0-N02-J13 012  Task 27 of 32 (0,0,3,1,1,0)  R16-M0-N01-J11 027      15.42    0.03
Task 12 of 32 (0,0,1,2,0,0)  R16-M0-N02-J13 012  Task 28 of 32 (0,0,3,2,0,0)  R16-M0-N03-J12 028      15.22    0.02
Task 12 of 32 (0,0,1,2,0,0)  R16-M0-N02-J13 012  Task 29 of 32 (0,0,3,2,1,0)  R16-M0-N03-J11 029      15.22    0.03
Task 12 of 32 (0,0,1,2,0,0)  R16-M0-N02-J13 012  Task 30 of 32 (0,0,3,3,0,0)  R16-M0-N03-J00 030      15.30    0.03
Task 12 of 32 (0,0,1,2,0,0)  R16-M0-N02-J13 012  Task 31 of 32 (0,0,3,3,1,0)  R16-M0-N03-J07 031      15.38    0.02
Task 13 of 32 (0,0,1,2,1,0)  R16-M0-N02-J10 013  Task 13 of 32 (0,0,1,2,1,0)  R16-M0-N02-J10 013       0.00    0.00
Task 13 of 32 (0,0,1,2,1,0)  R16-M0-N02-J10 013  Task 14 of 32 (0,0,1,3,0,0)  R16-M0-N02-J01 014      15.58    0.02
Task 13 of 32 (0,0,1,2,1,0)  R16-M0-N02-J10 013  Task 15 of 32 (0,0,1,3,1,0)  R16-M0-N02-J06 015      14.95    0.02
Task 13 of 32 (0,0,1,2,1,0)  R16-M0-N02-J10 013  Task 16 of 32 (0,0,2,0,0,0)  R16-M0-N01-J01 016      15.30    0.02
Task 13 of 32 (0,0,1,2,1,0)  R16-M0-N02-J10 013  Task 17 of 32 (0,0,2,0,1,0)  R16-M0-N01-J06 017      15.10    0.02
Task 13 of 32 (0,0,1,2,1,0)  R16-M0-N02-J10 013  Task 18 of 32 (0,0,2,1,0,0)  R16-M0-N01-J13 018      15.11    0.02
Task 13 of 32 (0,0,1,2,1,0)  R16-M0-N02-J10 013  Task 19 of 32 (0,0,2,1,1,0)  R16-M0-N01-J10 019      15.12    0.02
Task 13 of 32 (0,0,1,2,1,0)  R16-M0-N02-J10 013  Task 20 of 32 (0,0,2,2,0,0)  R16-M0-N03-J13 020      15.04    0.02
Task 13 of 32 (0,0,1,2,1,0)  R16-M0-N02-J10 013  Task 21 of 32 (0,0,2,2,1,0)  R16-M0-N03-J10 021      14.97    0.02
Task 13 of 32 (0,0,1,2,1,0)  R16-M0-N02-J10 013  Task 22 of 32 (0,0,2,3,0,0)  R16-M0-N03-J01 022      15.15    0.02
Task 13 of 32 (0,0,1,2,1,0)  R16-M0-N02-J10 013  Task 23 of 32 (0,0,2,3,1,0)  R16-M0-N03-J06 023      15.04    0.02
Task 13 of 32 (0,0,1,2,1,0)  R16-M0-N02-J10 013  Task 24 of 32 (0,0,3,0,0,0)  R16-M0-N01-J00 024      15.47    0.03
Task 13 of 32 (0,0,1,2,1,0)  R16-M0-N02-J10 013  Task 25 of 32 (0,0,3,0,1,0)  R16-M0-N01-J07 025      15.49    0.03
Task 13 of 32 (0,0,1,2,1,0)  R16-M0-N02-J10 013  Task 26 of 32 (0,0,3,1,0,0)  R16-M0-N01-J12 026      15.34    0.03
Task 13 of 32 (0,0,1,2,1,0)  R16-M0-N02-J10 013  Task 27 of 32 (0,0,3,1,1,0)  R16-M0-N01-J11 027      15.15    0.02
Task 13 of 32 (0,0,1,2,1,0)  R16-M0-N02-J10 013  Task 28 of 32 (0,0,3,2,0,0)  R16-M0-N03-J12 028      15.23    0.02
Task 13 of 32 (0,0,1,2,1,0)  R16-M0-N02-J10 013  Task 29 of 32 (0,0,3,2,1,0)  R16-M0-N03-J11 029      15.18    0.02
Task 13 of 32 (0,0,1,2,1,0)  R16-M0-N02-J10 013  Task 30 of 32 (0,0,3,3,0,0)  R16-M0-N03-J00 030      15.43    0.02
Task 13 of 32 (0,0,1,2,1,0)  R16-M0-N02-J10 013  Task 31 of 32 (0,0,3,3,1,0)  R16-M0-N03-J07 031      15.28    0.02
Task 14 of 32 (0,0,1,3,0,0)  R16-M0-N02-J01 014  Task 14 of 32 (0,0,1,3,0,0)  R16-M0-N02-J01 014       0.00    0.00
Task 14 of 32 (0,0,1,3,0,0)  R16-M0-N02-J01 014  Task 15 of 32 (0,0,1,3,1,0)  R16-M0-N02-J06 015      15.48    0.03
Task 14 of 32 (0,0,1,3,0,0)  R16-M0-N02-J01 014  Task 16 of 32 (0,0,2,0,0,0)  R16-M0-N01-J01 016      15.23    0.02
Task 14 of 32 (0,0,1,3,0,0)  R16-M0-N02-J01 014  Task 17 of 32 (0,0,2,0,1,0)  R16-M0-N01-J06 017      15.34    0.02
Task 14 of 32 (0,0,1,3,0,0)  R16-M0-N02-J01 014  Task 18 of 32 (0,0,2,1,0,0)  R16-M0-N01-J13 018      15.23    0.03
Task 14 of 32 (0,0,1,3,0,0)  R16-M0-N02-J01 014  Task 19 of 32 (0,0,2,1,1,0)  R16-M0-N01-J10 019      15.21    0.03
Task 14 of 32 (0,0,1,3,0,0)  R16-M0-N02-J01 014  Task 20 of 32 (0,0,2,2,0,0)  R16-M0-N03-J13 020      14.93    0.02
Task 14 of 32 (0,0,1,3,0,0)  R16-M0-N02-J01 014  Task 21 of 32 (0,0,2,2,1,0)  R16-M0-N03-J10 021      15.29    0.03
Task 14 of 32 (0,0,1,3,0,0)  R16-M0-N02-J01 014  Task 22 of 32 (0,0,2,3,0,0)  R16-M0-N03-J01 022      15.02    0.02
Task 14 of 32 (0,0,1,3,0,0)  R16-M0-N02-J01 014  Task 23 of 32 (0,0,2,3,1,0)  R16-M0-N03-J06 023      15.02    0.02
Task 14 of 32 (0,0,1,3,0,0)  R16-M0-N02-J01 014  Task 24 of 32 (0,0,3,0,0,0)  R16-M0-N01-J00 024      15.25    0.02
Task 14 of 32 (0,0,1,3,0,0)  R16-M0-N02-J01 014  Task 25 of 32 (0,0,3,0,1,0)  R16-M0-N01-J07 025      15.30    0.02
Task 14 of 32 (0,0,1,3,0,0)  R16-M0-N02-J01 014  Task 26 of 32 (0,0,3,1,0,0)  R16-M0-N01-J12 026      15.30    0.03
Task 14 of 32 (0,0,1,3,0,0)  R16-M0-N02-J01 014  Task 27 of 32 (0,0,3,1,1,0)  R16-M0-N01-J11 027      15.51    0.03
Task 14 of 32 (0,0,1,3,0,0)  R16-M0-N02-J01 014  Task 28 of 32 (0,0,3,2,0,0)  R16-M0-N03-J12 028      15.25    0.03
Task 14 of 32 (0,0,1,3,0,0)  R16-M0-N02-J01 014  Task 29 of 32 (0,0,3,2,1,0)  R16-M0-N03-J11 029      15.27    0.02
Task 14 of 32 (0,0,1,3,0,0)  R16-M0-N02-J01 014  Task 30 of 32 (0,0,3,3,0,0)  R16-M0-N03-J00 030      15.17    0.02
Task 14 of 32 (0,0,1,3,0,0)  R16-M0-N02-J01 014  Task 31 of 32 (0,0,3,3,1,0)  R16-M0-N03-J07 031      15.33    0.02
Task 15 of 32 (0,0,1,3,1,0)  R16-M0-N02-J06 015  Task 15 of 32 (0,0,1,3,1,0)  R16-M0-N02-J06 015       0.00    0.00
Task 15 of 32 (0,0,1,3,1,0)  R16-M0-N02-J06 015  Task 16 of 32 (0,0,2,0,0,0)  R16-M0-N01-J01 016      15.60    0.02
Task 15 of 32 (0,0,1,3,1,0)  R16-M0-N02-J06 015  Task 17 of 32 (0,0,2,0,1,0)  R16-M0-N01-J06 017      15.38    0.02
Task 15 of 32 (0,0,1,3,1,0)  R16-M0-N02-J06 015  Task 18 of 32 (0,0,2,1,0,0)  R16-M0-N01-J13 018      15.40    0.02
Task 15 of 32 (0,0,1,3,1,0)  R16-M0-N02-J06 015  Task 19 of 32 (0,0,2,1,1,0)  R16-M0-N01-J10 019      15.12    0.02
Task 15 of 32 (0,0,1,3,1,0)  R16-M0-N02-J06 015  Task 20 of 32 (0,0,2,2,0,0)  R16-M0-N03-J13 020      15.09    0.02
Task 15 of 32 (0,0,1,3,1,0)  R16-M0-N02-J06 015  Task 21 of 32 (0,0,2,2,1,0)  R16-M0-N03-J10 021      15.01    0.02
Task 15 of 32 (0,0,1,3,1,0)  R16-M0-N02-J06 015  Task 22 of 32 (0,0,2,3,0,0)  R16-M0-N03-J01 022      15.01    0.02
Task 15 of 32 (0,0,1,3,1,0)  R16-M0-N02-J06 015  Task 23 of 32 (0,0,2,3,1,0)  R16-M0-N03-J06 023      14.92    0.02
Task 15 of 32 (0,0,1,3,1,0)  R16-M0-N02-J06 015  Task 24 of 32 (0,0,3,0,0,0)  R16-M0-N01-J00 024      15.36    0.02
Task 15 of 32 (0,0,1,3,1,0)  R16-M0-N02-J06 015  Task 25 of 32 (0,0,3,0,1,0)  R16-M0-N01-J07 025      15.25    0.02
Task 15 of 32 (0,0,1,3,1,0)  R16-M0-N02-J06 015  Task 26 of 32 (0,0,3,1,0,0)  R16-M0-N01-J12 026      15.29    0.02
Task 15 of 32 (0,0,1,3,1,0)  R16-M0-N02-J06 015  Task 27 of 32 (0,0,3,1,1,0)  R16-M0-N01-J11 027      15.65    0.03
Task 15 of 32 (0,0,1,3,1,0)  R16-M0-N02-J06 015  Task 28 of 32 (0,0,3,2,0,0)  R16-M0-N03-J12 028      15.49    0.03
Task 15 of 32 (0,0,1,3,1,0)  R16-M0-N02-J06 015  Task 29 of 32 (0,0,3,2,1,0)  R16-M0-N03-J11 029      15.25    0.03
Task 15 of 32 (0,0,1,3,1,0)  R16-M0-N02-J06 015  Task 30 of 32 (0,0,3,3,0,0)  R16-M0-N03-J00 030      15.32    0.02
Task 15 of 32 (0,0,1,3,1,0)  R16-M0-N02-J06 015  Task 31 of 32 (0,0,3,3,1,0)  R16-M0-N03-J07 031      15.35    0.02
Task 16 of 32 (0,0,2,0,0,0)  R16-M0-N01-J01 016  Task 16 of 32 (0,0,2,0,0,0)  R16-M0-N01-J01 016       0.00    0.00
Task 16 of 32 (0,0,2,0,0,0)  R16-M0-N01-J01 016  Task 17 of 32 (0,0,2,0,1,0)  R16-M0-N01-J06 017      15.56    0.03
Task 16 of 32 (0,0,2,0,0,0)  R16-M0-N01-J01 016  Task 18 of 32 (0,0,2,1,0,0)  R16-M0-N01-J13 018      14.99    0.02
Task 16 of 32 (0,0,2,0,0,0)  R16-M0-N01-J01 016  Task 19 of 32 (0,0,2,1,1,0)  R16-M0-N01-J10 019      15.08    0.03
Task 16 of 32 (0,0,2,0,0,0)  R16-M0-N01-J01 016  Task 20 of 32 (0,0,2,2,0,0)  R16-M0-N03-J13 020      15.10    0.02
Task 16 of 32 (0,0,2,0,0,0)  R16-M0-N01-J01 016  Task 21 of 32 (0,0,2,2,1,0)  R16-M0-N03-J10 021      15.15    0.02
Task 16 of 32 (0,0,2,0,0,0)  R16-M0-N01-J01 016  Task 22 of 32 (0,0,2,3,0,0)  R16-M0-N03-J01 022      14.95    0.02
Task 16 of 32 (0,0,2,0,0,0)  R16-M0-N01-J01 016  Task 23 of 32 (0,0,2,3,1,0)  R16-M0-N03-J06 023      15.15    0.02
Task 16 of 32 (0,0,2,0,0,0)  R16-M0-N01-J01 016  Task 24 of 32 (0,0,3,0,0,0)  R16-M0-N01-J00 024      14.97    0.02
Task 16 of 32 (0,0,2,0,0,0)  R16-M0-N01-J01 016  Task 25 of 32 (0,0,3,0,1,0)  R16-M0-N01-J07 025      15.18    0.03
Task 16 of 32 (0,0,2,0,0,0)  R16-M0-N01-J01 016  Task 26 of 32 (0,0,3,1,0,0)  R16-M0-N01-J12 026      15.21    0.03
Task 16 of 32 (0,0,2,0,0,0)  R16-M0-N01-J01 016  Task 27 of 32 (0,0,3,1,1,0)  R16-M0-N01-J11 027      15.33    0.03
Task 16 of 32 (0,0,2,0,0,0)  R16-M0-N01-J01 016  Task 28 of 32 (0,0,3,2,0,0)  R16-M0-N03-J12 028      15.27    0.03
Task 16 of 32 (0,0,2,0,0,0)  R16-M0-N01-J01 016  Task 29 of 32 (0,0,3,2,1,0)  R16-M0-N03-J11 029      15.36    0.02
Task 16 of 32 (0,0,2,0,0,0)  R16-M0-N01-J01 016  Task 30 of 32 (0,0,3,3,0,0)  R16-M0-N03-J00 030      15.35    0.02
Task 16 of 32 (0,0,2,0,0,0)  R16-M0-N01-J01 016  Task 31 of 32 (0,0,3,3,1,0)  R16-M0-N03-J07 031      15.25    0.02
Task 17 of 32 (0,0,2,0,1,0)  R16-M0-N01-J06 017  Task 17 of 32 (0,0,2,0,1,0)  R16-M0-N01-J06 017       0.00    0.00
Task 17 of 32 (0,0,2,0,1,0)  R16-M0-N01-J06 017  Task 18 of 32 (0,0,2,1,0,0)  R16-M0-N01-J13 018      15.57    0.03
Task 17 of 32 (0,0,2,0,1,0)  R16-M0-N01-J06 017  Task 19 of 32 (0,0,2,1,1,0)  R16-M0-N01-J10 019      14.96    0.02
Task 17 of 32 (0,0,2,0,1,0)  R16-M0-N01-J06 017  Task 20 of 32 (0,0,2,2,0,0)  R16-M0-N03-J13 020      15.26    0.02
Task 17 of 32 (0,0,2,0,1,0)  R16-M0-N01-J06 017  Task 21 of 32 (0,0,2,2,1,0)  R16-M0-N03-J10 021      15.00    0.02
Task 17 of 32 (0,0,2,0,1,0)  R16-M0-N01-J06 017  Task 22 of 32 (0,0,2,3,0,0)  R16-M0-N03-J01 022      15.19    0.02
Task 17 of 32 (0,0,2,0,1,0)  R16-M0-N01-J06 017  Task 23 of 32 (0,0,2,3,1,0)  R16-M0-N03-J06 023      14.91    0.03
Task 17 of 32 (0,0,2,0,1,0)  R16-M0-N01-J06 017  Task 24 of 32 (0,0,3,0,0,0)  R16-M0-N01-J00 024      15.03    0.03
Task 17 of 32 (0,0,2,0,1,0)  R16-M0-N01-J06 017  Task 25 of 32 (0,0,3,0,1,0)  R16-M0-N01-J07 025      14.92    0.03
Task 17 of 32 (0,0,2,0,1,0)  R16-M0-N01-J06 017  Task 26 of 32 (0,0,3,1,0,0)  R16-M0-N01-J12 026      15.09    0.02
Task 17 of 32 (0,0,2,0,1,0)  R16-M0-N01-J06 017  Task 27 of 32 (0,0,3,1,1,0)  R16-M0-N01-J11 027      15.00    0.02
Task 17 of 32 (0,0,2,0,1,0)  R16-M0-N01-J06 017  Task 28 of 32 (0,0,3,2,0,0)  R16-M0-N03-J12 028      15.39    0.03
Task 17 of 32 (0,0,2,0,1,0)  R16-M0-N01-J06 017  Task 29 of 32 (0,0,3,2,1,0)  R16-M0-N03-J11 029      15.15    0.03
Task 17 of 32 (0,0,2,0,1,0)  R16-M0-N01-J06 017  Task 30 of 32 (0,0,3,3,0,0)  R16-M0-N03-J00 030      15.19    0.02
Task 17 of 32 (0,0,2,0,1,0)  R16-M0-N01-J06 017  Task 31 of 32 (0,0,3,3,1,0)  R16-M0-N03-J07 031      15.33    0.02
Task 18 of 32 (0,0,2,1,0,0)  R16-M0-N01-J13 018  Task 18 of 32 (0,0,2,1,0,0)  R16-M0-N01-J13 018       0.00    0.00
Task 18 of 32 (0,0,2,1,0,0)  R16-M0-N01-J13 018  Task 19 of 32 (0,0,2,1,1,0)  R16-M0-N01-J10 019      15.52    0.03
Task 18 of 32 (0,0,2,1,0,0)  R16-M0-N01-J13 018  Task 20 of 32 (0,0,2,2,0,0)  R16-M0-N03-J13 020      15.03    0.02
Task 18 of 32 (0,0,2,1,0,0)  R16-M0-N01-J13 018  Task 21 of 32 (0,0,2,2,1,0)  R16-M0-N03-J10 021      15.22    0.03
Task 18 of 32 (0,0,2,1,0,0)  R16-M0-N01-J13 018  Task 22 of 32 (0,0,2,3,0,0)  R16-M0-N03-J01 022      15.06    0.03
Task 18 of 32 (0,0,2,1,0,0)  R16-M0-N01-J13 018  Task 23 of 32 (0,0,2,3,1,0)  R16-M0-N03-J06 023      15.16    0.02
Task 18 of 32 (0,0,2,1,0,0)  R16-M0-N01-J13 018  Task 24 of 32 (0,0,3,0,0,0)  R16-M0-N01-J00 024      14.96    0.02
Task 18 of 32 (0,0,2,1,0,0)  R16-M0-N01-J13 018  Task 25 of 32 (0,0,3,0,1,0)  R16-M0-N01-J07 025      15.12    0.02
Task 18 of 32 (0,0,2,1,0,0)  R16-M0-N01-J13 018  Task 26 of 32 (0,0,3,1,0,0)  R16-M0-N01-J12 026      15.07    0.02
Task 18 of 32 (0,0,2,1,0,0)  R16-M0-N01-J13 018  Task 27 of 32 (0,0,3,1,1,0)  R16-M0-N01-J11 027      15.06    0.02
Task 18 of 32 (0,0,2,1,0,0)  R16-M0-N01-J13 018  Task 28 of 32 (0,0,3,2,0,0)  R16-M0-N03-J12 028      15.12    0.03
Task 18 of 32 (0,0,2,1,0,0)  R16-M0-N01-J13 018  Task 29 of 32 (0,0,3,2,1,0)  R16-M0-N03-J11 029      15.15    0.02
Task 18 of 32 (0,0,2,1,0,0)  R16-M0-N01-J13 018  Task 30 of 32 (0,0,3,3,0,0)  R16-M0-N03-J00 030      15.28    0.03
Task 18 of 32 (0,0,2,1,0,0)  R16-M0-N01-J13 018  Task 31 of 32 (0,0,3,3,1,0)  R16-M0-N03-J07 031      15.35    0.02
Task 19 of 32 (0,0,2,1,1,0)  R16-M0-N01-J10 019  Task 19 of 32 (0,0,2,1,1,0)  R16-M0-N01-J10 019       0.00    0.00
Task 19 of 32 (0,0,2,1,1,0)  R16-M0-N01-J10 019  Task 20 of 32 (0,0,2,2,0,0)  R16-M0-N03-J13 020      15.67    0.03
Task 19 of 32 (0,0,2,1,1,0)  R16-M0-N01-J10 019  Task 21 of 32 (0,0,2,2,1,0)  R16-M0-N03-J10 021      14.91    0.02
Task 19 of 32 (0,0,2,1,1,0)  R16-M0-N01-J10 019  Task 22 of 32 (0,0,2,3,0,0)  R16-M0-N03-J01 022      15.28    0.02
Task 19 of 32 (0,0,2,1,1,0)  R16-M0-N01-J10 019  Task 23 of 32 (0,0,2,3,1,0)  R16-M0-N03-J06 023      15.02    0.03
Task 19 of 32 (0,0,2,1,1,0)  R16-M0-N01-J10 019  Task 24 of 32 (0,0,3,0,0,0)  R16-M0-N01-J00 024      15.08    0.02
Task 19 of 32 (0,0,2,1,1,0)  R16-M0-N01-J10 019  Task 25 of 32 (0,0,3,0,1,0)  R16-M0-N01-J07 025      15.11    0.03
Task 19 of 32 (0,0,2,1,1,0)  R16-M0-N01-J10 019  Task 26 of 32 (0,0,3,1,0,0)  R16-M0-N01-J12 026      15.05    0.03
Task 19 of 32 (0,0,2,1,1,0)  R16-M0-N01-J10 019  Task 27 of 32 (0,0,3,1,1,0)  R16-M0-N01-J11 027      15.02    0.02
Task 19 of 32 (0,0,2,1,1,0)  R16-M0-N01-J10 019  Task 28 of 32 (0,0,3,2,0,0)  R16-M0-N03-J12 028      15.14    0.02
Task 19 of 32 (0,0,2,1,1,0)  R16-M0-N01-J10 019  Task 29 of 32 (0,0,3,2,1,0)  R16-M0-N03-J11 029      15.09    0.02
Task 19 of 32 (0,0,2,1,1,0)  R16-M0-N01-J10 019  Task 30 of 32 (0,0,3,3,0,0)  R16-M0-N03-J00 030      15.42    0.02
Task 19 of 32 (0,0,2,1,1,0)  R16-M0-N01-J10 019  Task 31 of 32 (0,0,3,3,1,0)  R16-M0-N03-J07 031      15.28    0.02
Task 20 of 32 (0,0,2,2,0,0)  R16-M0-N03-J13 020  Task 20 of 32 (0,0,2,2,0,0)  R16-M0-N03-J13 020       0.00    0.00
Task 20 of 32 (0,0,2,2,0,0)  R16-M0-N03-J13 020  Task 21 of 32 (0,0,2,2,1,0)  R16-M0-N03-J10 021      15.45    0.02
Task 20 of 32 (0,0,2,2,0,0)  R16-M0-N03-J13 020  Task 22 of 32 (0,0,2,3,0,0)  R16-M0-N03-J01 022      14.99    0.02
Task 20 of 32 (0,0,2,2,0,0)  R16-M0-N03-J13 020  Task 23 of 32 (0,0,2,3,1,0)  R16-M0-N03-J06 023      15.03    0.03
Task 20 of 32 (0,0,2,2,0,0)  R16-M0-N03-J13 020  Task 24 of 32 (0,0,3,0,0,0)  R16-M0-N01-J00 024      15.27    0.02
Task 20 of 32 (0,0,2,2,0,0)  R16-M0-N03-J13 020  Task 25 of 32 (0,0,3,0,1,0)  R16-M0-N01-J07 025      15.19    0.02
Task 20 of 32 (0,0,2,2,0,0)  R16-M0-N03-J13 020  Task 26 of 32 (0,0,3,1,0,0)  R16-M0-N01-J12 026      15.06    0.03
Task 20 of 32 (0,0,2,2,0,0)  R16-M0-N03-J13 020  Task 27 of 32 (0,0,3,1,1,0)  R16-M0-N01-J11 027      15.15    0.02
Task 20 of 32 (0,0,2,2,0,0)  R16-M0-N03-J13 020  Task 28 of 32 (0,0,3,2,0,0)  R16-M0-N03-J12 028      15.15    0.02
Task 20 of 32 (0,0,2,2,0,0)  R16-M0-N03-J13 020  Task 29 of 32 (0,0,3,2,1,0)  R16-M0-N03-J11 029      15.06    0.02
Task 20 of 32 (0,0,2,2,0,0)  R16-M0-N03-J13 020  Task 30 of 32 (0,0,3,3,0,0)  R16-M0-N03-J00 030      15.07    0.02
Task 20 of 32 (0,0,2,2,0,0)  R16-M0-N03-J13 020  Task 31 of 32 (0,0,3,3,1,0)  R16-M0-N03-J07 031      15.34    0.03
Task 21 of 32 (0,0,2,2,1,0)  R16-M0-N03-J10 021  Task 21 of 32 (0,0,2,2,1,0)  R16-M0-N03-J10 021       0.00    0.00
Task 21 of 32 (0,0,2,2,1,0)  R16-M0-N03-J10 021  Task 22 of 32 (0,0,2,3,0,0)  R16-M0-N03-J01 022      15.65    0.02
Task 21 of 32 (0,0,2,2,1,0)  R16-M0-N03-J10 021  Task 23 of 32 (0,0,2,3,1,0)  R16-M0-N03-J06 023      14.96    0.02
Task 21 of 32 (0,0,2,2,1,0)  R16-M0-N03-J10 021  Task 24 of 32 (0,0,3,0,0,0)  R16-M0-N01-J00 024      15.47    0.02
Task 21 of 32 (0,0,2,2,1,0)  R16-M0-N03-J10 021  Task 25 of 32 (0,0,3,0,1,0)  R16-M0-N01-J07 025      15.19    0.03
Task 21 of 32 (0,0,2,2,1,0)  R16-M0-N03-J10 021  Task 26 of 32 (0,0,3,1,0,0)  R16-M0-N01-J12 026      15.16    0.02
Task 21 of 32 (0,0,2,2,1,0)  R16-M0-N03-J10 021  Task 27 of 32 (0,0,3,1,1,0)  R16-M0-N01-J11 027      15.18    0.03
Task 21 of 32 (0,0,2,2,1,0)  R16-M0-N03-J10 021  Task 28 of 32 (0,0,3,2,0,0)  R16-M0-N03-J12 028      15.15    0.03
Task 21 of 32 (0,0,2,2,1,0)  R16-M0-N03-J10 021  Task 29 of 32 (0,0,3,2,1,0)  R16-M0-N03-J11 029      15.01    0.03
Task 21 of 32 (0,0,2,2,1,0)  R16-M0-N03-J10 021  Task 30 of 32 (0,0,3,3,0,0)  R16-M0-N03-J00 030      15.22    0.02
Task 21 of 32 (0,0,2,2,1,0)  R16-M0-N03-J10 021  Task 31 of 32 (0,0,3,3,1,0)  R16-M0-N03-J07 031      15.16    0.03
Task 22 of 32 (0,0,2,3,0,0)  R16-M0-N03-J01 022  Task 22 of 32 (0,0,2,3,0,0)  R16-M0-N03-J01 022       0.00    0.00
Task 22 of 32 (0,0,2,3,0,0)  R16-M0-N03-J01 022  Task 23 of 32 (0,0,2,3,1,0)  R16-M0-N03-J06 023      15.42    0.02
Task 22 of 32 (0,0,2,3,0,0)  R16-M0-N03-J01 022  Task 24 of 32 (0,0,3,0,0,0)  R16-M0-N01-J00 024      15.29    0.02
Task 22 of 32 (0,0,2,3,0,0)  R16-M0-N03-J01 022  Task 25 of 32 (0,0,3,0,1,0)  R16-M0-N01-J07 025      15.12    0.02
Task 22 of 32 (0,0,2,3,0,0)  R16-M0-N03-J01 022  Task 26 of 32 (0,0,3,1,0,0)  R16-M0-N01-J12 026      15.16    0.02
Task 22 of 32 (0,0,2,3,0,0)  R16-M0-N03-J01 022  Task 27 of 32 (0,0,3,1,1,0)  R16-M0-N01-J11 027      15.35    0.02
Task 22 of 32 (0,0,2,3,0,0)  R16-M0-N03-J01 022  Task 28 of 32 (0,0,3,2,0,0)  R16-M0-N03-J12 028      14.97    0.02
Task 22 of 32 (0,0,2,3,0,0)  R16-M0-N03-J01 022  Task 29 of 32 (0,0,3,2,1,0)  R16-M0-N03-J11 029      15.19    0.03
Task 22 of 32 (0,0,2,3,0,0)  R16-M0-N03-J01 022  Task 30 of 32 (0,0,3,3,0,0)  R16-M0-N03-J00 030      14.82    0.03
Task 22 of 32 (0,0,2,3,0,0)  R16-M0-N03-J01 022  Task 31 of 32 (0,0,3,3,1,0)  R16-M0-N03-J07 031      15.16    0.02
Task 23 of 32 (0,0,2,3,1,0)  R16-M0-N03-J06 023  Task 23 of 32 (0,0,2,3,1,0)  R16-M0-N03-J06 023       0.00    0.00
Task 23 of 32 (0,0,2,3,1,0)  R16-M0-N03-J06 023  Task 24 of 32 (0,0,3,0,0,0)  R16-M0-N01-J00 024      15.75    0.02
Task 23 of 32 (0,0,2,3,1,0)  R16-M0-N03-J06 023  Task 25 of 32 (0,0,3,0,1,0)  R16-M0-N01-J07 025      15.37    0.02
Task 23 of 32 (0,0,2,3,1,0)  R16-M0-N03-J06 023  Task 26 of 32 (0,0,3,1,0,0)  R16-M0-N01-J12 026      15.38    0.02
Task 23 of 32 (0,0,2,3,1,0)  R16-M0-N03-J06 023  Task 27 of 32 (0,0,3,1,1,0)  R16-M0-N01-J11 027      15.21    0.02
Task 23 of 32 (0,0,2,3,1,0)  R16-M0-N03-J06 023  Task 28 of 32 (0,0,3,2,0,0)  R16-M0-N03-J12 028      15.14    0.02
Task 23 of 32 (0,0,2,3,1,0)  R16-M0-N03-J06 023  Task 29 of 32 (0,0,3,2,1,0)  R16-M0-N03-J11 029      15.15    0.02
Task 23 of 32 (0,0,2,3,1,0)  R16-M0-N03-J06 023  Task 30 of 32 (0,0,3,3,0,0)  R16-M0-N03-J00 030      15.10    0.03
Task 23 of 32 (0,0,2,3,1,0)  R16-M0-N03-J06 023  Task 31 of 32 (0,0,3,3,1,0)  R16-M0-N03-J07 031      15.11    0.03
Task 24 of 32 (0,0,3,0,0,0)  R16-M0-N01-J00 024  Task 24 of 32 (0,0,3,0,0,0)  R16-M0-N01-J00 024       0.00    0.00
Task 24 of 32 (0,0,3,0,0,0)  R16-M0-N01-J00 024  Task 25 of 32 (0,0,3,0,1,0)  R16-M0-N01-J07 025      15.57    0.03
Task 24 of 32 (0,0,3,0,0,0)  R16-M0-N01-J00 024  Task 26 of 32 (0,0,3,1,0,0)  R16-M0-N01-J12 026      15.01    0.02
Task 24 of 32 (0,0,3,0,0,0)  R16-M0-N01-J00 024  Task 27 of 32 (0,0,3,1,1,0)  R16-M0-N01-J11 027      15.13    0.03
Task 24 of 32 (0,0,3,0,0,0)  R16-M0-N01-J00 024  Task 28 of 32 (0,0,3,2,0,0)  R16-M0-N03-J12 028      15.13    0.02
Task 24 of 32 (0,0,3,0,0,0)  R16-M0-N01-J00 024  Task 29 of 32 (0,0,3,2,1,0)  R16-M0-N03-J11 029      15.15    0.02
Task 24 of 32 (0,0,3,0,0,0)  R16-M0-N01-J00 024  Task 30 of 32 (0,0,3,3,0,0)  R16-M0-N03-J00 030      14.97    0.02
Task 24 of 32 (0,0,3,0,0,0)  R16-M0-N01-J00 024  Task 31 of 32 (0,0,3,3,1,0)  R16-M0-N03-J07 031      15.30    0.02
Task 25 of 32 (0,0,3,0,1,0)  R16-M0-N01-J07 025  Task 25 of 32 (0,0,3,0,1,0)  R16-M0-N01-J07 025       0.00    0.00
Task 25 of 32 (0,0,3,0,1,0)  R16-M0-N01-J07 025  Task 26 of 32 (0,0,3,1,0,0)  R16-M0-N01-J12 026      15.64    0.03
Task 25 of 32 (0,0,3,0,1,0)  R16-M0-N01-J07 025  Task 27 of 32 (0,0,3,1,1,0)  R16-M0-N01-J11 027      14.97    0.02
Task 25 of 32 (0,0,3,0,1,0)  R16-M0-N01-J07 025  Task 28 of 32 (0,0,3,2,0,0)  R16-M0-N03-J12 028      15.32    0.03
Task 25 of 32 (0,0,3,0,1,0)  R16-M0-N01-J07 025  Task 29 of 32 (0,0,3,2,1,0)  R16-M0-N03-J11 029      15.05    0.02
Task 25 of 32 (0,0,3,0,1,0)  R16-M0-N01-J07 025  Task 30 of 32 (0,0,3,3,0,0)  R16-M0-N03-J00 030      15.20    0.02
Task 25 of 32 (0,0,3,0,1,0)  R16-M0-N01-J07 025  Task 31 of 32 (0,0,3,3,1,0)  R16-M0-N03-J07 031      15.14    0.03
Task 26 of 32 (0,0,3,1,0,0)  R16-M0-N01-J12 026  Task 26 of 32 (0,0,3,1,0,0)  R16-M0-N01-J12 026       0.00    0.00
Task 26 of 32 (0,0,3,1,0,0)  R16-M0-N01-J12 026  Task 27 of 32 (0,0,3,1,1,0)  R16-M0-N01-J11 027      15.51    0.03
Task 26 of 32 (0,0,3,1,0,0)  R16-M0-N01-J12 026  Task 28 of 32 (0,0,3,2,0,0)  R16-M0-N03-J12 028      15.03    0.02
Task 26 of 32 (0,0,3,1,0,0)  R16-M0-N01-J12 026  Task 29 of 32 (0,0,3,2,1,0)  R16-M0-N03-J11 029      15.06    0.03
Task 26 of 32 (0,0,3,1,0,0)  R16-M0-N01-J12 026  Task 30 of 32 (0,0,3,3,0,0)  R16-M0-N03-J00 030      15.04    0.02
Task 26 of 32 (0,0,3,1,0,0)  R16-M0-N01-J12 026  Task 31 of 32 (0,0,3,3,1,0)  R16-M0-N03-J07 031      15.23    0.02
Task 27 of 32 (0,0,3,1,1,0)  R16-M0-N01-J11 027  Task 27 of 32 (0,0,3,1,1,0)  R16-M0-N01-J11 027       0.00    0.00
Task 27 of 32 (0,0,3,1,1,0)  R16-M0-N01-J11 027  Task 28 of 32 (0,0,3,2,0,0)  R16-M0-N03-J12 028      15.62    0.03
Task 27 of 32 (0,0,3,1,1,0)  R16-M0-N01-J11 027  Task 29 of 32 (0,0,3,2,1,0)  R16-M0-N03-J11 029      14.97    0.02
Task 27 of 32 (0,0,3,1,1,0)  R16-M0-N01-J11 027  Task 30 of 32 (0,0,3,3,0,0)  R16-M0-N03-J00 030      15.34    0.02
Task 27 of 32 (0,0,3,1,1,0)  R16-M0-N01-J11 027  Task 31 of 32 (0,0,3,3,1,0)  R16-M0-N03-J07 031      15.14    0.03
Task 28 of 32 (0,0,3,2,0,0)  R16-M0-N03-J12 028  Task 28 of 32 (0,0,3,2,0,0)  R16-M0-N03-J12 028       0.00    0.00
Task 28 of 32 (0,0,3,2,0,0)  R16-M0-N03-J12 028  Task 29 of 32 (0,0,3,2,1,0)  R16-M0-N03-J11 029      15.46    0.03
Task 28 of 32 (0,0,3,2,0,0)  R16-M0-N03-J12 028  Task 30 of 32 (0,0,3,3,0,0)  R16-M0-N03-J00 030      15.21    0.03
Task 28 of 32 (0,0,3,2,0,0)  R16-M0-N03-J12 028  Task 31 of 32 (0,0,3,3,1,0)  R16-M0-N03-J07 031      15.28    0.02
Task 29 of 32 (0,0,3,2,1,0)  R16-M0-N03-J11 029  Task 29 of 32 (0,0,3,2,1,0)  R16-M0-N03-J11 029       0.00    0.00
Task 29 of 32 (0,0,3,2,1,0)  R16-M0-N03-J11 029  Task 30 of 32 (0,0,3,3,0,0)  R16-M0-N03-J00 030      15.49    0.02
Task 29 of 32 (0,0,3,2,1,0)  R16-M0-N03-J11 029  Task 31 of 32 (0,0,3,3,1,0)  R16-M0-N03-J07 031      14.95    0.03
Task 30 of 32 (0,0,3,3,0,0)  R16-M0-N03-J00 030  Task 30 of 32 (0,0,3,3,0,0)  R16-M0-N03-J00 030       0.00    0.00
Task 30 of 32 (0,0,3,3,0,0)  R16-M0-N03-J00 030  Task 31 of 32 (0,0,3,3,1,0)  R16-M0-N03-J07 031      15.32    0.02
Task 31 of 32 (0,0,3,3,1,0)  R16-M0-N03-J07 031  Task 31 of 32 (0,0,3,3,1,0)  R16-M0-N03-J07 031       0.00    0.00
