0.0, 0.37, 0.18, 0.18, 0.18, 0.18, 0.18, 0.18, 0.18, 0.18, 0.18, 0.18, 0.18, 0.18, 0.19, 0.18, 0.18, 0.19, 0.19, 0.18, 0.18, 0.18, 0.18, 0.19, 0.19, 0.19, 0.18, 0.18, 0.19, 0.18, 0.18, 0.18
0.37, 0.0, 0.03, 0.02, 0.03, 0.02, 0.03, 0.02, 0.03, 0.03, 0.02, 0.03, 0.03, 0.03, 0.02, 0.02, 0.02, 0.02, 0.03, 0.03, 0.03, 0.03, 0.03, 0.02, 0.03, 0.03, 0.03, 0.03, 0.03, 0.03, 0.03, 0.03
0.18, 0.03, 0.0, 0.02, 0.02, 0.02, 0.02, 0.02, 0.02, 0.03, 0.02, 0.02, 0.03, 0.03, 0.03, 0.03, 0.03, 0.03, 0.02, 0.03, 0.03, 0.03, 0.03, 0.03, 0.02, 0.02, 0.03, 0.03, 0.03, 0.02, 0.03, 0.02
0.18, 0.02, 0.02, 0.0, 0.03, 0.02, 0.02, 0.02, 0.02, 0.03, 0.02, 0.03, 0.03, 0.03, 0.02, 0.02, 0.02, 0.02, 0.02, 0.02, 0.02, 0.02, 0.02, 0.03, 0.02, 0.02, 0.02, 0.02, 0.03, 0.03, 0.02, 0.02
0.18, 0.03, 0.02, 0.03, 0.0, 0.03, 0.03, 0.03, 0.02, 0.02, 0.02, 0.03, 0.02, 0.03, 0.02, 0.03, 0.03, 0.03, 0.03, 0.03, 0.03, 0.03, 0.03, 0.03, 0.02, 0.02, 0.02, 0.03, 0.03, 0.03, 0.02, 0.02
0.18, 0.02, 0.02, 0.02, 0.03, 0.0, 0.03, 0.02, 0.02, 0.03, 0.02, 0.02, 0.03, 0.03, 0.03, 0.02, 0.03, 0.03, 0.03, 0.03, 0.03, 0.03, 0.03, 0.03, 0.02, 0.02, 0.02, 0.02, 0.02, 0.02, 0.02, 0.02
0.18, 0.03, 0.02, 0.02, 0.03, 0.03, 0.0, 0.03, 0.03, 0.02, 0.02, 0.02, 0.02, 0.02, 0.02, 0.02, 0.03, 0.03, 0.02, 0.03, 0.03, 0.03, 0.02, 0.03, 0.02, 0.02, 0.02, 0.03, 0.03, 0.02, 0.03, 0.02
0.18, 0.02, 0.02, 0.02, 0.03, 0.02, 0.03, 0.0, 0.03, 0.02, 0.02, 0.02, 0.02, 0.03, 0.03, 0.03, 0.03, 0.03, 0.03, 0.03, 0.02, 0.03, 0.03, 0.02, 0.03, 0.02, 0.02, 0.02, 0.02, 0.02, 0.02, 0.02
0.18, 0.03, 0.02, 0.02, 0.02, 0.02, 0.03, 0.03, 0.0, 0.02, 0.02, 0.03, 0.02, 0.02, 0.03, 0.02, 0.02, 0.03, 0.03, 0.03, 0.03, 0.02, 0.02, 0.02, 0.02, 0.03, 0.03, 0.03, 0.03, 0.02, 0.02, 0.02
0.18, 0.03, 0.03, 0.03, 0.02, 0.03, 0.02, 0.02, 0.02, 0.0, 0.02, 0.02, 0.03, 0.03, 0.03, 0.02, 0.03, 0.03, 0.02, 0.02, 0.03, 0.03, 0.03, 0.03, 0.02, 0.02, 0.02, 0.02, 0.02, 0.02, 0.03, 0.02
0.18, 0.02, 0.02, 0.02, 0.02, 0.02, 0.02, 0.02, 0.02, 0.02, 0.0, 0.03, 0.02, 0.03, 0.03, 0.03, 0.02, 0.03, 0.02, 0.02, 0.03, 0.03, 0.03, 0.03, 0.02, 0.03, 0.02, 0.03, 0.02, 0.02, 0.02, 0.02
0.18, 0.03, 0.02, 0.03, 0.03, 0.02, 0.02, 0.02, 0.03, 0.02, 0.03, 0.0, 0.02, 0.02, 0.02, 0.02, 0.02, 0.02, 0.03, 0.02, 0.03, 0.02, 0.03, 0.03, 0.02, 0.02, 0.03, 0.02, 0.03, 0.02, 0.03, 0.02
0.18, 0.03, 0.03, 0.03, 0.02, 0.03, 0.02, 0.02, 0.02, 0.03, 0.02, 0.02, 0.0, 0.03, 0.03, 0.03, 0.02, 0.03, 0.02, 0.03, 0.03, 0.03, 0.03, 0.03, 0.03, 0.03, 0.03, 0.03, 0.02, 0.03, 0.03, 0.02
0.18, 0.03, 0.03, 0.03, 0.03, 0.03, 0.02, 0.03, 0.02, 0.03, 0.03, 0.02, 0.03, 0.0, 0.02, 0.02, 0.02, 0.02, 0.02, 0.02, 0.02, 0.02, 0.02, 0.02, 0.03, 0.03, 0.03, 0.02, 0.02, 0.02, 0.02, 0.02
0.19, 0.02, 0.03, 0.02, 0.02, 0.03, 0.02, 0.03, 0.03, 0.03, 0.03, 0.02, 0.03, 0.02, 0.0, 0.03, 0.02, 0.02, 0.03, 0.03, 0.02, 0.03, 0.02, 0.02, 0.02, 0.02, 0.03, 0.03, 0.03, 0.02, 0.02, 0.02
0.18, 0.02, 0.03, 0.02, 0.03, 0.02, 0.02, 0.03, 0.02, 0.02, 0.03, 0.02, 0.03, 0.02, 0.03, 0.0, 0.02, 0.02, 0.02, 0.02, 0.02, 0.02, 0.02, 0.02, 0.02, 0.02, 0.02, 0.03, 0.03, 0.03, 0.02, 0.02
0.18, 0.02, 0.03, 0.02, 0.03, 0.03, 0.03, 0.03, 0.02, 0.03, 0.02, 0.02, 0.02, 0.02, 0.02, 0.02, 0.0, 0.03, 0.02, 0.03, 0.02, 0.02, 0.02, 0.02, 0.02, 0.03, 0.03, 0.03, 0.03, 0.02, 0.02, 0.02
0.19, 0.02, 0.03, 0.02, 0.03, 0.03, 0.03, 0.03, 0.03, 0.03, 0.03, 0.02, 0.03, 0.02, 0.02, 0.02, 0.03, 0.0, 0.03, 0.02, 0.02, 0.02, 0.02, 0.03, 0.03, 0.03, 0.02, 0.02, 0.03, 0.03, 0.02, 0.02
0.19, 0.03, 0.02, 0.02, 0.03, 0.03, 0.02, 0.03, 0.03, 0.02, 0.02, 0.03, 0.02, 0.02, 0.03, 0.02, 0.02, 0.03, 0.0, 0.03, 0.02, 0.03, 0.03, 0.02, 0.02, 0.02, 0.02, 0.02, 0.03, 0.02, 0.03, 0.02
0.18, 0.03, 0.03, 0.02, 0.03, 0.03, 0.03, 0.03, 0.03, 0.02, 0.02, 0.02, 0.03, 0.02, 0.03, 0.02, 0.03, 0.02, 0.03, 0.0, 0.03, 0.02, 0.02, 0.03, 0.02, 0.03, 0.03, 0.02, 0.02, 0.02, 0.02, 0.02
0.18, 0.03, 0.03, 0.02, 0.03, 0.03, 0.03, 0.02, 0.03, 0.03, 0.03, 0.03, 0.03, 0.02, 0.02, 0.02, 0.02, 0.02, 0.02, 0.03, 0.0, 0.02, 0.02, 0.03, 0.02, 0.02, 0.03, 0.02, 0.02, 0.02, 0.02, 0.03
0.18, 0.03, 0.03, 0.02, 0.03, 0.03, 0.03, 0.03, 0.02, 0.03, 0.03, 0.02, 0.03, 0.02, 0.03, 0.02, 0.02, 0.02, 0.03, 0.02, 0.02, 0.0, 0.02, 0.02, 0.02, 0.03, 0.02, 0.03, 0.03, 0.03, 0.02, 0.03
0.18, 0.03, 0.03, 0.02, 0.03, 0.03, 0.02, 0.03, 0.02, 0.03, 0.03, 0.03, 0.03, 0.02, 0.02, 0.02, 0.02, 0.02, 0.03, 0.02, 0.02, 0.02, 0.0, 0.02, 0.02, 0.02, 0.02, 0.02, 0.02, 0.03, 0.03, 0.02
0.19, 0.02, 0.03, 0.03, 0.03, 0.03, 0.03, 0.02, 0.02, 0.03, 0.03, 0.03, 0.03, 0.02, 0.02, 0.02, 0.02, 0.03, 0.02, 0.03, 0.03, 0.02, 0.02, 0.0, 0.02, 0.02, 0.02, 0.02, 0.02, 0.02, 0.03, 0.03
0.19, 0.03, 0.02, 0.02, 0.02, 0.02, 0.02, 0.03, 0.02, 0.02, 0.02, 0.02, 0.03, 0.03, 0.02, 0.02, 0.02, 0.03, 0.02, 0.02, 0.02, 0.02, 0.02, 0.02, 0.0, 0.03, 0.02, 0.03, 0.02, 0.02, 0.02, 0.02
0.19, 0.03, 0.02, 0.02, 0.02, 0.02, 0.02, 0.02, 0.03, 0.02, 0.03, 0.02, 0.03, 0.03, 0.02, 0.02, 0.03, 0.03, 0.02, 0.03, 0.02, 0.03, 0.02, 0.02, 0.03, 0.0, 0.03, 0.02, 0.03, 0.02, 0.02, 0.03
0.18, 0.03, 0.03, 0.02, 0.02, 0.02, 0.02, 0.02, 0.03, 0.02, 0.02, 0.03, 0.03, 0.03, 0.03, 0.02, 0.03, 0.02, 0.02, 0.03, 0.03, 0.02, 0.02, 0.02, 0.02, 0.03, 0.0, 0.03, 0.02, 0.03, 0.02, 0.02
0.18, 0.03, 0.03, 0.02, 0.03, 0.02, 0.03, 0.02, 0.03, 0.02, 0.03, 0.02, 0.03, 0.02, 0.03, 0.03, 0.03, 0.02, 0.02, 0.02, 0.02, 0.03, 0.02, 0.02, 0.03, 0.02, 0.03, 0.0, 0.03, 0.02, 0.02, 0.03
0.19, 0.03, 0.03, 0.03, 0.03, 0.02, 0.03, 0.02, 0.03, 0.02, 0.02, 0.03, 0.02, 0.02, 0.03, 0.03, 0.03, 0.03, 0.03, 0.02, 0.02, 0.03, 0.02, 0.02, 0.02, 0.03, 0.02, 0.03, 0.0, 0.03, 0.03, 0.02
0.18, 0.03, 0.02, 0.03, 0.03, 0.02, 0.02, 0.02, 0.02, 0.02, 0.02, 0.02, 0.03, 0.02, 0.02, 0.03, 0.02, 0.03, 0.02, 0.02, 0.02, 0.03, 0.03, 0.02, 0.02, 0.02, 0.03, 0.02, 0.03, 0.0, 0.02, 0.03
0.18, 0.03, 0.03, 0.02, 0.02, 0.02, 0.03, 0.02, 0.02, 0.03, 0.02, 0.03, 0.03, 0.02, 0.02, 0.02, 0.02, 0.02, 0.03, 0.02, 0.02, 0.02, 0.03, 0.03, 0.02, 0.02, 0.02, 0.02, 0.03, 0.02, 0.0, 0.02
0.18, 0.03, 0.02, 0.02, 0.02, 0.02, 0.02, 0.02, 0.02, 0.02, 0.02, 0.02, 0.02, 0.02, 0.02, 0.02, 0.02, 0.02, 0.02, 0.02, 0.03, 0.03, 0.02, 0.03, 0.02, 0.03, 0.02, 0.03, 0.02, 0.03, 0.02, 0.0
