0.0, 21.3, 19.87, 19.84, 19.9, 19.74, 19.66, 19.71, 19.89, 19.63, 19.86, 19.98, 20.05, 19.83, 19.5, 19.79, 20.27, 18.69, 18.38, 18.58, 18.15, 18.37, 18.07, 18.37, 18.18, 18.37, 18.08, 18.09, 18.19, 18.41, 18.13, 18.47, 18.52, 18.32, 18.04, 18.27, 17.93, 18.24, 17.95, 18.19, 18.06, 18.2, 17.95, 18.25, 17.97, 18.22, 17.89, 18.18, 18.88, 18.59, 18.62, 18.54, 18.63, 18.48, 18.58, 18.48, 18.61, 18.45, 18.54, 18.46, 18.24, 18.41, 18.48, 18.52
21.3, 0.0, 17.98, 18.0, 17.93, 17.87, 17.97, 17.87, 18.15, 17.87, 17.91, 17.97, 17.89, 18.02, 18.06, 18.16, 18.71, 17.53, 17.38, 17.57, 17.32, 17.46, 17.36, 17.61, 17.34, 17.59, 17.47, 17.62, 17.35, 17.63, 17.37, 17.53, 17.63, 17.54, 17.38, 17.6, 17.48, 17.63, 17.57, 17.58, 17.3, 17.6, 17.64, 17.76, 17.59, 17.65, 17.52, 17.66, 17.83, 17.48, 17.83, 17.59, 17.85, 17.58, 17.9, 17.61, 17.95, 17.65, 17.96, 17.72, 17.7, 17.76, 18.0, 17.61
19.87, 17.98, 0.0, 18.21, 18.03, 17.97, 18.02, 17.93, 18.29, 17.89, 17.97, 18.0, 18.01, 18.01, 18.05, 18.24, 18.74, 17.62, 17.34, 17.6, 17.25, 17.51, 17.26, 17.52, 17.16, 17.55, 17.3, 17.5, 17.36, 17.71, 17.26, 17.66, 17.56, 17.55, 17.29, 17.49, 17.19, 17.58, 17.33, 17.47, 17.15, 17.52, 17.29, 17.56, 17.18, 17.51, 17.2, 17.46, 17.52, 17.38, 17.65, 17.47, 17.61, 17.42, 17.58, 17.55, 17.6, 17.48, 17.62, 17.52, 17.43, 17.59, 17.57, 17.65
19.84, 18.0, 18.21, 0.0, 18.09, 18.05, 17.97, 17.93, 18.19, 17.87, 17.94, 17.94, 17.96, 17.95, 18.04, 18.15, 18.83, 17.49, 17.43, 17.53, 17.37, 17.5, 17.42, 17.56, 17.31, 17.54, 17.34, 17.55, 17.45, 17.68, 17.4, 17.6, 17.71, 17.53, 17.36, 17.56, 17.2, 17.56, 17.48, 17.54, 17.23, 17.52, 17.4, 17.59, 17.33, 17.58, 17.36, 17.5, 17.75, 17.42, 17.68, 17.54, 17.67, 17.49, 17.71, 17.52, 17.8, 17.52, 17.73, 17.54, 17.56, 17.62, 17.76, 17.59
19.9, 17.93, 18.03, 18.09, 0.0, 18.08, 18.05, 17.83, 18.14, 17.95, 17.9, 17.98, 17.94, 17.94, 18.05, 18.21, 18.71, 17.5, 17.27, 17.68, 17.24, 17.52, 17.24, 17.56, 17.19, 17.54, 17.28, 17.5, 17.23, 17.64, 17.23, 17.56, 17.57, 17.61, 17.17, 17.58, 17.13, 17.49, 17.31, 17.59, 17.07, 17.59, 17.22, 17.71, 17.11, 17.61, 17.19, 17.59, 17.55, 17.3, 17.46, 17.38, 17.44, 17.45, 17.49, 17.5, 17.66, 17.46, 17.52, 17.56, 17.34, 17.59, 17.53, 17.58
19.74, 17.87, 17.97, 18.05, 18.08, 0.0, 17.92, 17.93, 18.24, 17.83, 17.84, 17.88, 17.88, 17.89, 18.05, 18.15, 18.8, 17.47, 17.35, 17.53, 17.33, 17.37, 17.36, 17.44, 17.17, 17.43, 17.42, 17.39, 17.28, 17.53, 17.27, 17.48, 17.53, 17.44, 17.3, 17.53, 17.32, 17.46, 17.55, 17.5, 17.26, 17.52, 17.43, 17.55, 17.32, 17.49, 17.37, 17.42, 17.76, 17.29, 17.59, 17.34, 17.58, 17.29, 17.67, 17.36, 17.78, 17.39, 17.72, 17.42, 17.44, 17.44, 17.8, 17.54
19.66, 17.97, 18.02, 17.97, 18.05, 17.92, 0.0, 17.96, 18.36, 17.8, 17.85, 17.95, 17.88, 17.9, 17.98, 18.14, 18.73, 17.41, 17.19, 17.5, 17.13, 17.37, 17.14, 17.42, 16.93, 17.3, 17.13, 17.26, 17.15, 17.54, 17.02, 17.45, 17.49, 17.43, 17.13, 17.5, 17.08, 17.34, 17.29, 17.41, 17.09, 17.43, 17.2, 17.57, 17.08, 17.59, 17.15, 17.35, 17.71, 17.26, 17.42, 17.31, 17.45, 17.3, 17.43, 17.27, 17.33, 17.32, 17.42, 17.32, 17.32, 17.5, 17.33, 17.33
19.71, 17.87, 17.93, 17.93, 17.83, 17.93, 17.96, 0.0, 18.39, 17.96, 17.86, 17.95, 17.89, 17.94, 18.06, 18.17, 18.77, 17.49, 17.39, 17.57, 17.26, 17.37, 17.35, 17.47, 17.16, 17.41, 17.38, 17.43, 17.32, 17.58, 17.32, 17.51, 17.59, 17.46, 17.26, 17.55, 17.16, 17.46, 17.4, 17.45, 17.23, 17.48, 17.4, 17.48, 17.19, 17.55, 17.22, 17.39, 17.79, 17.31, 17.55, 17.38, 17.53, 17.33, 17.53, 17.38, 17.65, 17.36, 17.59, 17.42, 17.46, 17.44, 17.6, 17.41
19.89, 18.15, 18.29, 18.19, 18.14, 18.24, 18.36, 18.39, 0.0, 18.02, 18.18, 18.04, 18.08, 18.09, 18.16, 18.15, 18.64, 17.55, 17.23, 17.63, 17.26, 17.57, 17.17, 17.56, 17.12, 17.53, 17.22, 17.5, 17.15, 17.63, 17.26, 17.68, 17.54, 17.59, 17.28, 17.68, 17.11, 17.61, 17.44, 17.64, 17.17, 17.65, 17.34, 17.74, 17.15, 17.65, 17.27, 17.62, 17.59, 17.34, 17.47, 17.43, 17.45, 17.48, 17.53, 17.39, 17.59, 17.46, 17.57, 17.54, 17.31, 17.46, 17.48, 17.5
19.63, 17.87, 17.89, 17.87, 17.95, 17.83, 17.8, 17.96, 18.02, 0.0, 17.75, 17.88, 17.8, 17.8, 17.85, 17.98, 18.76, 17.44, 17.23, 17.37, 17.1, 17.31, 17.09, 17.19, 16.98, 17.15, 17.18, 17.24, 17.16, 17.26, 17.24, 17.38, 17.55, 17.47, 17.3, 17.44, 17.17, 17.49, 17.34, 17.45, 17.16, 17.43, 17.43, 17.52, 17.25, 17.38, 17.29, 17.35, 17.6, 17.22, 17.55, 17.31, 17.48, 17.29, 17.51, 17.24, 17.61, 17.29, 17.5, 17.36, 17.58, 17.38, 17.66, 17.48
19.86, 17.91, 17.97, 17.94, 17.9, 17.84, 17.85, 17.86, 18.18, 17.75, 0.0, 18.18, 18.13, 17.93, 18.01, 18.2, 18.65, 17.49, 17.21, 17.39, 17.13, 17.37, 17.17, 17.41, 17.06, 17.42, 17.18, 17.29, 17.12, 17.53, 17.14, 17.39, 17.51, 17.34, 17.14, 17.44, 17.13, 17.41, 17.22, 17.46, 17.06, 17.45, 17.26, 17.56, 17.12, 17.5, 17.14, 17.36, 17.7, 17.24, 17.49, 17.32, 17.45, 17.21, 17.5, 17.31, 17.49, 17.27, 17.46, 17.49, 17.37, 17.34, 17.39, 17.26
19.98, 17.97, 18.0, 17.94, 17.98, 17.88, 17.95, 17.95, 18.04, 17.88, 18.18, 0.0, 18.09, 18.04, 17.92, 18.09, 18.64, 17.47, 17.19, 17.44, 17.2, 17.43, 17.2, 17.49, 17.16, 17.45, 17.3, 17.41, 17.21, 17.39, 17.15, 17.4, 17.52, 17.44, 17.19, 17.39, 17.05, 17.44, 17.37, 17.47, 17.11, 17.45, 17.33, 17.51, 17.21, 17.5, 17.24, 17.39, 17.67, 17.21, 17.53, 17.36, 17.5, 17.38, 17.5, 17.35, 17.64, 17.4, 17.54, 17.44, 17.47, 17.4, 17.61, 17.37
20.05, 17.89, 18.01, 17.96, 17.94, 17.88, 17.88, 17.89, 18.08, 17.8, 18.13, 18.09, 0.0, 18.12, 18.23, 18.22, 18.78, 17.64, 17.23, 17.59, 17.22, 17.54, 17.2, 17.6, 17.15, 17.57, 17.31, 17.39, 17.21, 17.61, 17.16, 17.53, 17.52, 17.46, 17.09, 17.5, 17.12, 17.54, 17.3, 17.46, 17.11, 17.48, 17.22, 17.58, 17.09, 17.5, 17.18, 17.5, 17.55, 17.22, 17.45, 17.35, 17.32, 17.34, 17.49, 17.35, 17.44, 17.38, 17.41, 17.41, 17.21, 17.45, 17.45, 17.38
19.83, 18.02, 18.01, 17.95, 17.94, 17.89, 17.9, 17.94, 18.09, 17.8, 17.93, 18.04, 18.12, 0.0, 18.21, 18.28, 18.79, 17.56, 17.41, 17.57, 17.34, 17.46, 17.44, 17.49, 17.28, 17.5, 17.42, 17.3, 17.36, 17.61, 17.37, 17.63, 17.65, 17.47, 17.25, 17.45, 17.12, 17.5, 17.37, 17.42, 17.23, 17.5, 17.46, 17.55, 17.27, 17.47, 17.35, 17.45, 17.82, 17.34, 17.63, 17.31, 17.65, 17.28, 17.7, 17.37, 17.67, 17.38, 17.65, 17.39, 17.45, 17.39, 17.7, 17.38
19.5, 18.06, 18.05, 18.04, 18.05, 18.05, 17.98, 18.06, 18.16, 17.85, 18.01, 17.92, 18.23, 18.21, 0.0, 18.34, 18.55, 17.46, 17.15, 17.44, 17.18, 17.42, 17.16, 17.44, 16.99, 17.41, 17.37, 17.29, 17.16, 17.49, 17.21, 17.43, 17.51, 17.5, 17.18, 17.49, 17.05, 17.42, 17.25, 17.36, 17.1, 17.39, 17.22, 17.55, 17.12, 17.39, 17.19, 17.38, 17.59, 17.22, 17.54, 17.29, 17.38, 17.34, 17.48, 17.38, 17.47, 17.4, 17.49, 17.45, 17.32, 17.41, 17.47, 17.39
19.79, 18.16, 18.24, 18.15, 18.21, 18.15, 18.14, 18.17, 18.15, 17.98, 18.2, 18.09, 18.22, 18.28, 18.34, 0.0, 18.98, 17.58, 17.24, 17.44, 17.18, 17.39, 17.26, 17.43, 17.12, 17.45, 17.27, 17.29, 17.15, 17.51, 17.28, 17.47, 17.53, 17.44, 17.22, 17.45, 17.0, 17.45, 17.32, 17.43, 17.27, 17.5, 17.42, 17.55, 17.24, 17.51, 17.27, 17.51, 17.58, 17.26, 17.53, 17.29, 17.54, 17.31, 17.65, 17.33, 17.53, 17.34, 17.6, 17.48, 17.37, 17.41, 17.58, 17.45
20.27, 18.71, 18.74, 18.83, 18.71, 18.8, 18.73, 18.77, 18.64, 18.76, 18.65, 18.64, 18.78, 18.79, 18.55, 18.98, 0.0, 19.48, 18.96, 18.99, 18.83, 18.79, 18.86, 18.88, 18.9, 18.81, 18.82, 18.73, 18.75, 18.82, 18.66, 18.86, 18.96, 18.08, 18.16, 17.92, 17.93, 17.87, 18.12, 17.9, 17.91, 17.82, 18.01, 17.89, 18.12, 17.83, 17.98, 17.87, 17.76, 17.85, 17.51, 17.92, 17.7, 17.88, 17.66, 17.75, 17.56, 17.85, 17.53, 17.9, 17.49, 17.92, 17.63, 17.98
18.69, 17.53, 17.62, 17.49, 17.5, 17.47, 17.41, 17.49, 17.55, 17.44, 17.49, 17.47, 17.64, 17.56, 17.46, 17.58, 19.48, 0.0, 18.56, 18.28, 18.37, 18.36, 18.36, 18.37, 18.48, 18.43, 18.5, 18.02, 18.48, 18.45, 18.34, 18.36, 18.33, 17.34, 17.53, 17.22, 17.34, 17.33, 17.48, 17.29, 17.47, 17.3, 17.56, 17.29, 17.44, 17.27, 17.5, 17.19, 17.35, 17.28, 17.01, 17.28, 17.09, 17.31, 17.11, 17.28, 17.1, 17.35, 17.07, 17.3, 17.03, 17.35, 17.09, 17.32
18.38, 17.38, 17.34, 17.43, 17.27, 17.35, 17.19, 17.39, 17.23, 17.23, 17.21, 17.19, 17.23, 17.41, 17.15, 17.24, 18.96, 18.56, 0.0, 18.34, 18.21, 18.29, 18.11, 18.15, 18.28, 18.28, 18.44, 18.04, 18.21, 18.34, 18.27, 18.29, 18.54, 17.6, 17.67, 17.51, 17.62, 17.55, 17.77, 17.65, 17.72, 17.62, 17.83, 17.64, 17.72, 17.55, 17.74, 17.57, 17.71, 17.4, 17.22, 17.39, 17.29, 17.51, 17.28, 17.5, 17.2, 17.52, 17.27, 17.51, 17.15, 17.47, 17.23, 17.52
18.58, 17.57, 17.6, 17.53, 17.68, 17.53, 17.5, 17.57, 17.63, 17.37, 17.39, 17.44, 17.59, 17.57, 17.44, 17.44, 18.99, 18.28, 18.34, 0.0, 18.15, 18.17, 18.1, 18.01, 18.12, 18.04, 18.35, 17.94, 18.13, 18.14, 18.18, 18.12, 18.34, 17.41, 17.55, 17.33, 17.37, 17.36, 17.62, 17.35, 17.49, 17.39, 17.61, 17.34, 17.54, 17.37, 17.57, 17.28, 17.53, 17.25, 16.98, 17.23, 17.03, 17.31, 17.03, 17.23, 17.02, 17.3, 17.02, 17.31, 16.87, 17.3, 17.06, 17.37
18.15, 17.32, 17.25, 17.37, 17.24, 17.33, 17.13, 17.26, 17.26, 17.1, 17.13, 17.2, 17.22, 17.34, 17.18, 17.18, 18.83, 18.37, 18.21, 18.15, 0.0, 18.16, 18.18, 18.09, 18.16, 18.14, 18.26, 17.96, 18.05, 18.19, 18.11, 18.14, 18.51, 17.57, 17.71, 17.5, 17.51, 17.48, 17.68, 17.56, 17.65, 17.54, 17.68, 17.6, 17.65, 17.49, 17.67, 17.51, 17.6, 17.4, 17.17, 17.46, 17.24, 17.47, 17.23, 17.4, 17.31, 17.47, 17.18, 17.47, 17.17, 17.5, 17.26, 17.48
18.37, 17.46, 17.51, 17.5, 17.52, 17.37, 17.37, 17.37, 17.57, 17.31, 17.37, 17.43, 17.54, 17.46, 17.42, 17.39, 18.79, 18.36, 18.29, 18.17, 18.16, 0.0, 18.24, 18.13, 18.28, 18.08, 18.39, 17.94, 18.16, 18.24, 18.17, 18.17, 18.28, 17.26, 17.57, 17.26, 17.16, 17.31, 17.51, 17.25, 17.45, 17.3, 17.56, 17.34, 17.45, 17.31, 17.53, 17.2, 17.35, 17.26, 16.99, 17.28, 17.04, 17.23, 16.99, 17.23, 17.08, 17.31, 17.02, 17.23, 16.89, 17.28, 17.02, 17.34
18.07, 17.36, 17.26, 17.42, 17.24, 17.36, 17.14, 17.35, 17.17, 17.09, 17.17, 17.2, 17.2, 17.44, 17.16, 17.26, 18.86, 18.36, 18.11, 18.1, 18.18, 18.24, 0.0, 18.26, 18.28, 18.36, 18.43, 18.14, 18.16, 18.43, 18.25, 18.32, 18.55, 17.54, 17.62, 17.43, 17.47, 17.45, 17.66, 17.51, 17.62, 17.44, 17.73, 17.47, 17.58, 17.48, 17.66, 17.46, 17.57, 17.41, 17.22, 17.46, 17.2, 17.46, 17.17, 17.4, 17.25, 17.47, 17.25, 17.45, 17.09, 17.47, 17.24, 17.46
18.37, 17.61, 17.52, 17.56, 17.56, 17.44, 17.42, 17.47, 17.56, 17.19, 17.41, 17.49, 17.6, 17.49, 17.44, 17.43, 18.88, 18.37, 18.15, 18.01, 18.09, 18.13, 18.26, 0.0, 18.33, 18.22, 18.51, 17.99, 18.2, 18.35, 18.23, 18.15, 18.37, 17.36, 17.64, 17.31, 17.37, 17.33, 17.59, 17.26, 17.54, 17.39, 17.64, 17.41, 17.46, 17.33, 17.58, 17.3, 17.45, 17.32, 17.04, 17.3, 17.09, 17.35, 17.02, 17.23, 17.03, 17.33, 17.0, 17.24, 16.9, 17.29, 17.05, 17.35
18.18, 17.34, 17.16, 17.31, 17.19, 17.17, 16.93, 17.16, 17.12, 16.98, 17.06, 17.16, 17.15, 17.28, 16.99, 17.12, 18.9, 18.48, 18.28, 18.12, 18.16, 18.28, 18.28, 18.33, 0.0, 18.22, 18.47, 18.13, 18.16, 18.33, 18.15, 18.24, 18.48, 17.46, 17.66, 17.45, 17.44, 17.47, 17.65, 17.49, 17.64, 17.46, 17.74, 17.55, 17.59, 17.45, 17.57, 17.46, 17.57, 17.4, 17.18, 17.37, 17.22, 17.47, 17.12, 17.38, 17.27, 17.45, 17.24, 17.45, 17.01, 17.46, 17.22, 17.5
18.37, 17.59, 17.55, 17.54, 17.54, 17.43, 17.3, 17.41, 17.53, 17.15, 17.42, 17.45, 17.57, 17.5, 17.41, 17.45, 18.81, 18.43, 18.28, 18.04, 18.14, 18.08, 18.36, 18.22, 18.22, 0.0, 18.3, 17.99, 18.17, 18.22, 18.16, 18.18, 18.26, 17.29, 17.49, 17.17, 17.21, 17.27, 17.47, 17.25, 17.38, 17.23, 17.49, 17.27, 17.38, 17.23, 17.46, 17.24, 17.41, 17.21, 16.96, 17.2, 17.02, 17.24, 16.98, 17.16, 17.07, 17.26, 17.04, 17.24, 16.95, 17.35, 16.95, 17.36
18.08, 17.47, 17.3, 17.34, 17.28, 17.42, 17.13, 17.38, 17.22, 17.18, 17.18, 17.3, 17.31, 17.42, 17.37, 17.27, 18.82, 18.5, 18.44, 18.35, 18.26, 18.39, 18.43, 18.51, 18.47, 18.3, 0.0, 18.12, 18.6, 18.38, 18.34, 18.34, 18.58, 17.61, 17.68, 17.52, 17.58, 17.59, 17.8, 17.63, 17.71, 17.53, 17.77, 17.6, 17.65, 17.56, 17.74, 17.57, 17.68, 17.55, 17.24, 17.56, 17.41, 17.55, 17.27, 17.57, 17.4, 17.61, 17.34, 17.58, 17.23, 17.57, 17.26, 17.61
18.09, 17.62, 17.5, 17.55, 17.5, 17.39, 17.26, 17.43, 17.5, 17.24, 17.29, 17.41, 17.39, 17.3, 17.29, 17.29, 18.73, 18.02, 18.04, 17.94, 17.96, 17.94, 18.14, 17.99, 18.13, 17.99, 18.12, 0.0, 18.21, 18.3, 18.12, 18.22, 18.24, 17.33, 17.58, 17.32, 17.27, 17.32, 17.55, 17.33, 17.53, 17.34, 17.62, 17.44, 17.52, 17.31, 17.54, 17.34, 17.39, 17.33, 17.07, 17.27, 17.11, 17.25, 17.07, 17.34, 17.11, 17.3, 17.06, 17.31, 16.96, 17.34, 17.14, 17.28
18.19, 17.35, 17.36, 17.45, 17.23, 17.28, 17.15, 17.32, 17.15, 17.16, 17.12, 17.21, 17.21, 17.36, 17.16, 17.15, 18.75, 18.48, 18.21, 18.13, 18.05, 18.16, 18.16, 18.2, 18.16, 18.17, 18.6, 18.21, 0.0, 18.26, 18.3, 18.33, 18.65, 17.44, 17.63, 17.36, 17.4, 17.45, 17.64, 17.42, 17.57, 17.37, 17.63, 17.43, 17.57, 17.42, 17.59, 17.48, 17.55, 17.44, 17.16, 17.4, 17.25, 17.46, 17.2, 17.44, 17.21, 17.46, 17.21, 17.46, 17.22, 17.5, 17.25, 17.49
18.41, 17.63, 17.71, 17.68, 17.64, 17.53, 17.54, 17.58, 17.63, 17.26, 17.53, 17.39, 17.61, 17.61, 17.49, 17.51, 18.82, 18.45, 18.34, 18.14, 18.19, 18.24, 18.43, 18.35, 18.33, 18.22, 18.38, 18.3, 18.26, 0.0, 18.22, 18.2, 18.27, 17.26, 17.44, 17.19, 17.25, 17.19, 17.45, 17.22, 17.41, 17.24, 17.56, 17.25, 17.46, 17.29, 17.48, 17.2, 17.41, 17.33, 17.07, 17.3, 17.09, 17.43, 17.11, 17.31, 17.16, 17.48, 17.11, 17.36, 17.0, 17.39, 17.12, 17.4
18.13, 17.37, 17.26, 17.4, 17.23, 17.27, 17.02, 17.32, 17.26, 17.24, 17.14, 17.15, 17.16, 17.37, 17.21, 17.28, 18.66, 18.34, 18.27, 18.18, 18.11, 18.17, 18.25, 18.23, 18.15, 18.16, 18.34, 18.12, 18.3, 18.22, 0.0, 18.34, 18.47, 17.47, 17.63, 17.45, 17.47, 17.43, 17.59, 17.56, 17.56, 17.41, 17.62, 17.52, 17.52, 17.43, 17.66, 17.47, 17.65, 17.52, 17.32, 17.47, 17.33, 17.55, 17.25, 17.52, 17.35, 17.58, 17.34, 17.61, 17.23, 17.62, 17.38, 17.62
18.47, 17.53, 17.66, 17.6, 17.56, 17.48, 17.45, 17.51, 17.68, 17.38, 17.39, 17.4, 17.53, 17.63, 17.43, 17.47, 18.86, 18.36, 18.29, 18.12, 18.14, 18.17, 18.32, 18.15, 18.24, 18.18, 18.34, 18.22, 18.33, 18.2, 18.34, 0.0, 18.55, 17.28, 17.38, 17.18, 17.14, 17.25, 17.48, 17.23, 17.37, 17.2, 17.5, 17.27, 17.41, 17.17, 17.43, 17.27, 17.39, 17.32, 17.06, 17.24, 17.04, 17.37, 17.06, 17.26, 17.1, 17.39, 17.08, 17.32, 16.93, 17.36, 17.08, 17.43
18.52, 17.63, 17.56, 17.71, 17.57, 17.53, 17.49, 17.59, 17.54, 17.55, 17.51, 17.52, 17.52, 17.65, 17.51, 17.53, 18.96, 18.33, 18.54, 18.34, 18.51, 18.28, 18.55, 18.37, 18.48, 18.26, 18.58, 18.24, 18.65, 18.27, 18.47, 18.55, 0.0, 19.56, 18.81, 18.74, 18.61, 18.63, 18.71, 18.71, 18.76, 18.69, 18.81, 18.68, 18.59, 18.64, 18.57, 18.74, 18.43, 17.58, 17.67, 17.58, 17.84, 17.56, 17.89, 17.53, 17.66, 17.49, 17.58, 17.45, 17.39, 17.51, 17.77, 17.44
18.32, 17.54, 17.55, 17.53, 17.61, 17.44, 17.43, 17.46, 17.59, 17.47, 17.34, 17.44, 17.46, 17.47, 17.5, 17.44, 18.08, 17.34, 17.6, 17.41, 17.57, 17.26, 17.54, 17.36, 17.46, 17.29, 17.61, 17.33, 17.44, 17.26, 17.47, 17.28, 19.56, 0.0, 18.52, 18.21, 18.08, 18.11, 18.3, 18.21, 18.43, 18.21, 18.5, 18.28, 18.24, 18.33, 18.29, 18.32, 18.38, 17.32, 17.44, 17.31, 17.5, 17.25, 17.42, 17.29, 17.47, 17.29, 17.38, 17.26, 17.23, 17.31, 17.48, 17.27
18.04, 17.38, 17.29, 17.36, 17.17, 17.3, 17.13, 17.26, 17.28, 17.3, 17.14, 17.19, 17.09, 17.25, 17.18, 17.22, 18.16, 17.53, 17.67, 17.55, 17.71, 17.57, 17.62, 17.64, 17.66, 17.49, 17.68, 17.58, 17.63, 17.44, 17.63, 17.38, 18.81, 18.52, 0.0, 18.36, 18.05, 18.28, 18.22, 18.23, 18.27, 18.25, 18.46, 18.25, 18.2, 18.38, 18.24, 18.39, 18.34, 17.09, 17.26, 17.02, 17.23, 17.01, 17.22, 16.95, 17.25, 17.01, 17.24, 16.94, 16.98, 17.02, 17.18, 16.98
18.27, 17.6, 17.49, 17.56, 17.58, 17.53, 17.5, 17.55, 17.68, 17.44, 17.44, 17.39, 17.5, 17.45, 17.49, 17.45, 17.92, 17.22, 17.51, 17.33, 17.5, 17.26, 17.43, 17.31, 17.45, 17.17, 17.52, 17.32, 17.36, 17.19, 17.45, 17.18, 18.74, 18.21, 18.36, 0.0, 17.93, 18.23, 18.19, 18.02, 18.1, 18.05, 18.36, 18.05, 18.05, 18.19, 18.13, 18.07, 18.43, 17.32, 17.38, 17.25, 17.46, 17.26, 17.47, 17.19, 17.49, 17.25, 17.38, 17.15, 17.09, 17.31, 17.48, 17.25
17.93, 17.48, 17.19, 17.2, 17.13, 17.32, 17.08, 17.16, 17.11, 17.17, 17.13, 17.05, 17.12, 17.12, 17.05, 17.0, 17.93, 17.34, 17.62, 17.37, 17.51, 17.16, 17.47, 17.37, 17.44, 17.21, 17.58, 17.27, 17.4, 17.25, 17.47, 17.14, 18.61, 18.08, 18.05, 17.93, 0.0, 18.01, 18.15, 18.0, 18.1, 18.04, 18.03, 18.14, 18.03, 17.9, 17.92, 18.06, 18.27, 16.93, 17.06, 16.9, 17.1, 16.86, 17.08, 16.87, 17.1, 16.92, 17.06, 16.93, 16.96, 17.04, 17.09, 16.91
18.24, 17.63, 17.58, 17.56, 17.49, 17.46, 17.34, 17.46, 17.61, 17.49, 17.41, 17.44, 17.54, 17.5, 17.42, 17.45, 17.87, 17.33, 17.55, 17.36, 17.48, 17.31, 17.45, 17.33, 17.47, 17.27, 17.59, 17.32, 17.45, 17.19, 17.43, 17.25, 18.63, 18.11, 18.28, 18.23, 18.01, 0.0, 18.21, 18.15, 18.27, 18.17, 18.46, 18.2, 18.18, 18.28, 18.24, 18.34, 18.49, 17.22, 17.39, 17.23, 17.42, 17.22, 17.46, 17.22, 17.35, 17.22, 17.43, 17.2, 17.13, 17.32, 17.39, 17.26
17.95, 17.57, 17.33, 17.48, 17.31, 17.55, 17.29, 17.4, 17.44, 17.34, 17.22, 17.37, 17.3, 17.37, 17.25, 17.32, 18.12, 17.48, 17.77, 17.62, 17.68, 17.51, 17.66, 17.59, 17.65, 17.47, 17.8, 17.55, 17.64, 17.45, 17.59, 17.48, 18.71, 18.3, 18.22, 18.19, 18.15, 18.21, 0.0, 18.29, 18.35, 18.23, 18.45, 18.25, 18.12, 18.39, 18.24, 18.38, 18.42, 17.18, 17.3, 16.98, 17.32, 17.15, 17.25, 17.13, 17.27, 17.08, 17.27, 17.04, 17.04, 17.1, 17.28, 17.1
18.19, 17.58, 17.47, 17.54, 17.59, 17.5, 17.41, 17.45, 17.64, 17.45, 17.46, 17.47, 17.46, 17.42, 17.36, 17.43, 17.9, 17.29, 17.65, 17.35, 17.56, 17.25, 17.51, 17.26, 17.49, 17.25, 17.63, 17.33, 17.42, 17.22, 17.56, 17.23, 18.71, 18.21, 18.23, 18.02, 18.0, 18.15, 18.29, 0.0, 18.33, 18.12, 18.4, 18.13, 18.16, 18.34, 18.2, 18.24, 18.47, 17.4, 17.45, 17.24, 17.51, 17.26, 17.44, 17.23, 17.41, 17.25, 17.41, 17.24, 17.16, 17.29, 17.43, 17.22
18.06, 17.3, 17.15, 17.23, 17.07, 17.26, 17.09, 17.23, 17.17, 17.16, 17.06, 17.11, 17.11, 17.23, 17.1, 17.27, 17.91, 17.47, 17.72, 17.49, 17.65, 17.45, 17.62, 17.54, 17.64, 17.38, 17.71, 17.53, 17.57, 17.41, 17.56, 17.37, 18.76, 18.43, 18.27, 18.1, 18.1, 18.27, 18.35, 18.33, 0.0, 18.25, 18.44, 18.19, 18.12, 18.29, 18.15, 18.25, 18.18, 17.06, 17.18, 17.03, 17.19, 17.0, 17.15, 16.96, 17.18, 16.99, 17.19, 16.97, 16.98, 17.04, 17.15, 16.97
18.2, 17.6, 17.52, 17.52, 17.59, 17.52, 17.43, 17.48, 17.65, 17.43, 17.45, 17.45, 17.48, 17.5, 17.39, 17.5, 17.82, 17.3, 17.62, 17.39, 17.54, 17.3, 17.44, 17.39, 17.46, 17.23, 17.53, 17.34, 17.37, 17.24, 17.41, 17.2, 18.69, 18.21, 18.25, 18.05, 18.04, 18.17, 18.23, 18.12, 18.25, 0.0, 18.25, 18.14, 18.09, 18.26, 18.12, 18.19, 18.45, 17.28, 17.47, 17.28, 17.48, 17.25, 17.45, 17.25, 17.45, 17.31, 17.41, 17.21, 17.22, 17.25, 17.4, 17.34
17.95, 17.64, 17.29, 17.4, 17.22, 17.43, 17.2, 17.4, 17.34, 17.43, 17.26, 17.33, 17.22, 17.46, 17.22, 17.42, 18.01, 17.56, 17.83, 17.61, 17.68, 17.56, 17.73, 17.64, 17.74, 17.49, 17.77, 17.62, 17.63, 17.56, 17.62, 17.5, 18.81, 18.5, 18.46, 18.36, 18.03, 18.46, 18.45, 18.4, 18.44, 18.25, 0.0, 18.36, 18.33, 18.31, 18.28, 18.29, 18.43, 17.17, 17.32, 17.14, 17.4, 17.18, 17.34, 17.11, 17.4, 17.15, 17.3, 17.13, 17.12, 17.16, 17.32, 17.12
18.25, 17.76, 17.56, 17.59, 17.71, 17.55, 17.57, 17.48, 17.74, 17.52, 17.56, 17.51, 17.58, 17.55, 17.55, 17.55, 17.89, 17.29, 17.64, 17.34, 17.6, 17.34, 17.47, 17.41, 17.55, 17.27, 17.6, 17.44, 17.43, 17.25, 17.52, 17.27, 18.68, 18.28, 18.25, 18.05, 18.14, 18.2, 18.25, 18.13, 18.19, 18.14, 18.36, 0.0, 18.13, 18.23, 18.1, 18.14, 18.45, 17.31, 17.46, 17.24, 17.46, 17.3, 17.44, 17.25, 17.47, 17.24, 17.37, 17.26, 17.24, 17.32, 17.49, 17.27
17.97, 17.59, 17.18, 17.33, 17.11, 17.32, 17.08, 17.19, 17.15, 17.25, 17.12, 17.21, 17.09, 17.27, 17.12, 17.24, 18.12, 17.44, 17.72, 17.54, 17.65, 17.45, 17.58, 17.46, 17.59, 17.38, 17.65, 17.52, 17.57, 17.46, 17.52, 17.41, 18.59, 18.24, 18.2, 18.05, 18.03, 18.18, 18.12, 18.16, 18.12, 18.09, 18.33, 18.13, 0.0, 18.24, 18.28, 18.29, 18.34, 17.15, 17.31, 17.08, 17.29, 17.09, 17.29, 17.01, 17.17, 17.0, 17.19, 16.95, 16.93, 17.06, 17.18, 17.02
18.22, 17.65, 17.51, 17.58, 17.61, 17.49, 17.59, 17.55, 17.65, 17.38, 17.5, 17.5, 17.5, 17.47, 17.39, 17.51, 17.83, 17.27, 17.55, 17.37, 17.49, 17.31, 17.48, 17.33, 17.45, 17.23, 17.56, 17.31, 17.42, 17.29, 17.43, 17.17, 18.64, 18.33, 18.38, 18.19, 17.9, 18.28, 18.39, 18.34, 18.29, 18.26, 18.31, 18.23, 18.24, 0.0, 18.12, 18.19, 18.4, 17.37, 17.57, 17.39, 17.55, 17.28, 17.57, 17.25, 17.45, 17.27, 17.44, 17.19, 17.19, 17.32, 17.47, 17.3
17.89, 17.52, 17.2, 17.36, 17.19, 17.37, 17.15, 17.22, 17.27, 17.29, 17.14, 17.24, 17.18, 17.35, 17.19, 17.27, 17.98, 17.5, 17.74, 17.57, 17.67, 17.53, 17.66, 17.58, 17.57, 17.46, 17.74, 17.54, 17.59, 17.48, 17.66, 17.43, 18.57, 18.29, 18.24, 18.13, 17.92, 18.24, 18.24, 18.2, 18.15, 18.12, 18.28, 18.1, 18.28, 18.12, 0.0, 18.25, 18.14, 17.07, 17.23, 17.02, 17.25, 17.06, 17.15, 17.01, 17.3, 17.03, 17.19, 17.03, 16.87, 16.94, 17.25, 17.08
18.18, 17.66, 17.46, 17.5, 17.59, 17.42, 17.35, 17.39, 17.62, 17.35, 17.36, 17.39, 17.5, 17.45, 17.38, 17.51, 17.87, 17.19, 17.57, 17.28, 17.51, 17.2, 17.46, 17.3, 17.46, 17.24, 17.57, 17.34, 17.48, 17.2, 17.47, 17.27, 18.74, 18.32, 18.39, 18.07, 18.06, 18.34, 18.38, 18.24, 18.25, 18.19, 18.29, 18.14, 18.29, 18.19, 18.25, 0.0, 18.58, 17.27, 17.39, 17.25, 17.49, 17.26, 17.5, 17.25, 17.42, 17.26, 17.38, 17.17, 17.09, 17.25, 17.44, 17.35
18.88, 17.83, 17.52, 17.75, 17.55, 17.76, 17.71, 17.79, 17.59, 17.6, 17.7, 17.67, 17.55, 17.82, 17.59, 17.58, 17.76, 17.35, 17.71, 17.53, 17.6, 17.35, 17.57, 17.45, 17.57, 17.41, 17.68, 17.39, 17.55, 17.41, 17.65, 17.39, 18.43, 18.38, 18.34, 18.43, 18.27, 18.49, 18.42, 18.47, 18.18, 18.45, 18.43, 18.45, 18.34, 18.4, 18.14, 18.58, 0.0, 19.51, 18.66, 18.76, 18.67, 18.69, 18.74, 18.72, 18.84, 18.63, 18.71, 18.62, 18.6, 18.78, 18.48, 18.71
18.59, 17.48, 17.38, 17.42, 17.3, 17.29, 17.26, 17.31, 17.34, 17.22, 17.24, 17.21, 17.22, 17.34, 17.22, 17.26, 17.85, 17.28, 17.4, 17.25, 17.4, 17.26, 17.41, 17.32, 17.4, 17.21, 17.55, 17.33, 17.44, 17.33, 17.52, 17.32, 17.58, 17.32, 17.09, 17.32, 16.93, 17.22, 17.18, 17.4, 17.06, 17.28, 17.17, 17.31, 17.15, 17.37, 17.07, 17.27, 19.51, 0.0, 18.46, 18.12, 18.17, 18.25, 18.28, 18.2, 18.43, 18.23, 18.27, 18.19, 17.94, 18.3, 18.22, 18.27
18.62, 17.83, 17.65, 17.68, 17.46, 17.59, 17.42, 17.55, 17.47, 17.55, 17.49, 17.53, 17.45, 17.63, 17.54, 17.53, 17.51, 17.01, 17.22, 16.98, 17.17, 16.99, 17.22, 17.04, 17.18, 16.96, 17.24, 17.07, 17.16, 17.07, 17.32, 17.06, 17.67, 17.44, 17.26, 17.38, 17.06, 17.39, 17.3, 17.45, 17.18, 17.47, 17.32, 17.46, 17.31, 17.57, 17.23, 17.39, 18.66, 18.46, 0.0, 18.31, 18.18, 18.3, 18.2, 18.21, 18.34, 18.22, 18.21, 18.16, 17.91, 18.3, 18.14, 18.22
18.54, 17.59, 17.47, 17.54, 17.38, 17.34, 17.31, 17.38, 17.43, 17.31, 17.32, 17.36, 17.35, 17.31, 17.29, 17.29, 17.92, 17.28, 17.39, 17.23, 17.46, 17.28, 17.46, 17.3, 17.37, 17.2, 17.56, 17.27, 17.4, 17.3, 17.47, 17.24, 17.58, 17.31, 17.02, 17.25, 16.9, 17.23, 16.98, 17.24, 17.03, 17.28, 17.14, 17.24, 17.08, 17.39, 17.02, 17.25, 18.76, 18.12, 18.31, 0.0, 18.08, 18.15, 18.09, 17.93, 18.28, 17.98, 18.05, 18.0, 17.96, 18.1, 18.06, 18.07
18.63, 17.85, 17.61, 17.67, 17.44, 17.58, 17.45, 17.53, 17.45, 17.48, 17.45, 17.5, 17.32, 17.65, 17.38, 17.54, 17.7, 17.09, 17.29, 17.03, 17.24, 17.04, 17.2, 17.09, 17.22, 17.02, 17.41, 17.11, 17.25, 17.09, 17.33, 17.04, 17.84, 17.5, 17.23, 17.46, 17.1, 17.42, 17.32, 17.51, 17.19, 17.48, 17.4, 17.46, 17.29, 17.55, 17.25, 17.49, 18.67, 18.17, 18.18, 18.08, 0.0, 18.1, 18.12, 18.05, 18.28, 18.07, 18.08, 18.1, 17.89, 18.18, 18.11, 18.17
18.48, 17.58, 17.42, 17.49, 17.45, 17.29, 17.3, 17.33, 17.48, 17.29, 17.21, 17.38, 17.34, 17.28, 17.34, 17.31, 17.88, 17.31, 17.51, 17.31, 17.47, 17.23, 17.46, 17.35, 17.47, 17.24, 17.55, 17.25, 17.46, 17.43, 17.55, 17.37, 17.56, 17.25, 17.01, 17.26, 16.86, 17.22, 17.15, 17.26, 17.0, 17.25, 17.18, 17.3, 17.09, 17.28, 17.06, 17.26, 18.69, 18.25, 18.3, 18.15, 18.1, 0.0, 18.1, 18.11, 18.49, 18.18, 18.26, 18.1, 17.99, 18.3, 18.14, 18.22
18.58, 17.9, 17.58, 17.71, 17.49, 17.67, 17.43, 17.53, 17.53, 17.51, 17.5, 17.5, 17.49, 17.7, 17.48, 17.65, 17.66, 17.11, 17.28, 17.03, 17.23, 16.99, 17.17, 17.02, 17.12, 16.98, 17.27, 17.07, 17.2, 17.11, 17.25, 17.06, 17.89, 17.42, 17.22, 17.47, 17.08, 17.46, 17.25, 17.44, 17.15, 17.45, 17.34, 17.44, 17.29, 17.57, 17.15, 17.5, 18.74, 18.28, 18.2, 18.09, 18.12, 18.1, 0.0, 18.17, 18.42, 18.23, 18.18, 18.2, 17.89, 18.33, 18.09, 18.23
18.48, 17.61, 17.55, 17.52, 17.5, 17.36, 17.27, 17.38, 17.39, 17.24, 17.31, 17.35, 17.35, 17.37, 17.38, 17.33, 17.75, 17.28, 17.5, 17.23, 17.4, 17.23, 17.4, 17.23, 17.38, 17.16, 17.57, 17.34, 17.44, 17.31, 17.52, 17.26, 17.53, 17.29, 16.95, 17.19, 16.87, 17.22, 17.13, 17.23, 16.96, 17.25, 17.11, 17.25, 17.01, 17.25, 17.01, 17.25, 18.72, 18.2, 18.21, 17.93, 18.05, 18.11, 18.17, 0.0, 18.38, 18.15, 18.22, 18.19, 17.95, 18.28, 18.12, 18.16
18.61, 17.95, 17.6, 17.8, 17.66, 17.78, 17.33, 17.65, 17.59, 17.61, 17.49, 17.64, 17.44, 17.67, 17.47, 17.53, 17.56, 17.1, 17.2, 17.02, 17.31, 17.08, 17.25, 17.03, 17.27, 17.07, 17.4, 17.11, 17.21, 17.16, 17.35, 17.1, 17.66, 17.47, 17.25, 17.49, 17.1, 17.35, 17.27, 17.41, 17.18, 17.45, 17.4, 17.47, 17.17, 17.45, 17.3, 17.42, 18.84, 18.43, 18.34, 18.28, 18.28, 18.49, 18.42, 18.38, 0.0, 18.15, 18.25, 18.12, 18.07, 18.25, 18.22, 18.22
18.45, 17.65, 17.48, 17.52, 17.46, 17.39, 17.32, 17.36, 17.46, 17.29, 17.27, 17.4, 17.38, 17.38, 17.4, 17.34, 17.85, 17.35, 17.52, 17.3, 17.47, 17.31, 17.47, 17.33, 17.45, 17.26, 17.61, 17.3, 17.46, 17.48, 17.58, 17.39, 17.49, 17.29, 17.01, 17.25, 16.92, 17.22, 17.08, 17.25, 16.99, 17.31, 17.15, 17.24, 17.0, 17.27, 17.03, 17.26, 18.63, 18.23, 18.22, 17.98, 18.07, 18.18, 18.23, 18.15, 18.15, 0.0, 18.11, 18.03, 17.77, 18.08, 18.02, 18.03
18.54, 17.96, 17.62, 17.73, 17.52, 17.72, 17.42, 17.59, 17.57, 17.5, 17.46, 17.54, 17.41, 17.65, 17.49, 17.6, 17.53, 17.07, 17.27, 17.02, 17.18, 17.02, 17.25, 17.0, 17.24, 17.04, 17.34, 17.06, 17.21, 17.11, 17.34, 17.08, 17.58, 17.38, 17.24, 17.38, 17.06, 17.43, 17.27, 17.41, 17.19, 17.41, 17.3, 17.37, 17.19, 17.44, 17.19, 17.38, 18.71, 18.27, 18.21, 18.05, 18.08, 18.26, 18.18, 18.22, 18.25, 18.11, 0.0, 18.23, 17.9, 18.28, 18.09, 18.19
18.46, 17.72, 17.52, 17.54, 17.56, 17.42, 17.32, 17.42, 17.54, 17.36, 17.49, 17.44, 17.41, 17.39, 17.45, 17.48, 17.9, 17.3, 17.51, 17.31, 17.47, 17.23, 17.45, 17.24, 17.45, 17.24, 17.58, 17.31, 17.46, 17.36, 17.61, 17.32, 17.45, 17.26, 16.94, 17.15, 16.93, 17.2, 17.04, 17.24, 16.97, 17.21, 17.13, 17.26, 16.95, 17.19, 17.03, 17.17, 18.62, 18.19, 18.16, 18.0, 18.1, 18.1, 18.2, 18.19, 18.12, 18.03, 18.23, 0.0, 17.95, 18.23, 18.05, 18.09
18.24, 17.7, 17.43, 17.56, 17.34, 17.44, 17.32, 17.46, 17.31, 17.58, 17.37, 17.47, 17.21, 17.45, 17.32, 17.37, 17.49, 17.03, 17.15, 16.87, 17.17, 16.89, 17.09, 16.9, 17.01, 16.95, 17.23, 16.96, 17.22, 17.0, 17.23, 16.93, 17.39, 17.23, 16.98, 17.09, 16.96, 17.13, 17.04, 17.16, 16.98, 17.22, 17.12, 17.24, 16.93, 17.19, 16.87, 17.09, 18.6, 17.94, 17.91, 17.96, 17.89, 17.99, 17.89, 17.95, 18.07, 17.77, 17.9, 17.95, 0.0, 18.11, 17.96, 17.9
18.41, 17.76, 17.59, 17.62, 17.59, 17.44, 17.5, 17.44, 17.46, 17.38, 17.34, 17.4, 17.45, 17.39, 17.41, 17.41, 17.92, 17.35, 17.47, 17.3, 17.5, 17.28, 17.47, 17.29, 17.46, 17.35, 17.57, 17.34, 17.5, 17.39, 17.62, 17.36, 17.51, 17.31, 17.02, 17.31, 17.04, 17.32, 17.1, 17.29, 17.04, 17.25, 17.16, 17.32, 17.06, 17.32, 16.94, 17.25, 18.78, 18.3, 18.3, 18.1, 18.18, 18.3, 18.33, 18.28, 18.25, 18.08, 18.28, 18.23, 18.11, 0.0, 18.11, 18.11
18.48, 18.0, 17.57, 17.76, 17.53, 17.8, 17.33, 17.6, 17.48, 17.66, 17.39, 17.61, 17.45, 17.7, 17.47, 17.58, 17.63, 17.09, 17.23, 17.06, 17.26, 17.02, 17.24, 17.05, 17.22, 16.95, 17.26, 17.14, 17.25, 17.12, 17.38, 17.08, 17.77, 17.48, 17.18, 17.48, 17.09, 17.39, 17.28, 17.43, 17.15, 17.4, 17.32, 17.49, 17.18, 17.47, 17.25, 17.44, 18.48, 18.22, 18.14, 18.06, 18.11, 18.14, 18.09, 18.12, 18.22, 18.02, 18.09, 18.05, 17.96, 18.11, 0.0, 18.12
18.52, 17.61, 17.65, 17.59, 17.58, 17.54, 17.33, 17.41, 17.5, 17.48, 17.26, 17.37, 17.38, 17.38, 17.39, 17.45, 17.98, 17.32, 17.52, 17.37, 17.48, 17.34, 17.46, 17.35, 17.5, 17.36, 17.61, 17.28, 17.49, 17.4, 17.62, 17.43, 17.44, 17.27, 16.98, 17.25, 16.91, 17.26, 17.1, 17.22, 16.97, 17.34, 17.12, 17.27, 17.02, 17.3, 17.08, 17.35, 18.71, 18.27, 18.22, 18.07, 18.17, 18.22, 18.23, 18.16, 18.22, 18.03, 18.19, 18.09, 17.9, 18.11, 18.12, 0.0
