0.0, 0.41, 0.16, 0.15, 0.15, 0.15, 0.15, 0.15, 0.16, 0.15, 0.15, 0.15, 0.13, 0.13, 0.14, 0.13, 0.34, 0.15, 0.14, 0.13, 0.14, 0.14, 0.14, 0.14, 0.14, 0.14, 0.14, 0.13, 0.14, 0.13, 0.14, 0.14, 0.25, 0.14, 0.14, 0.14, 0.13, 0.14, 0.14, 0.13, 0.14, 0.14, 0.14, 0.14, 0.15, 0.14, 0.14, 0.14, 0.25, 0.14, 0.14, 0.13, 0.14, 0.14, 0.14, 0.13, 0.14, 0.13, 0.13, 0.14, 0.13, 0.13, 0.14, 0.14
0.41, 0.0, 0.02, 0.02, 0.02, 0.03, 0.02, 0.02, 0.03, 0.03, 0.02, 0.03, 0.02, 0.02, 0.02, 0.03, 0.13, 0.03, 0.04, 0.03, 0.03, 0.03, 0.03, 0.03, 0.04, 0.03, 0.03, 0.03, 0.03, 0.03, 0.04, 0.03, 0.03, 0.03, 0.03, 0.04, 0.03, 0.04, 0.03, 0.04, 0.03, 0.04, 0.04, 0.04, 0.03, 0.04, 0.03, 0.03, 0.04, 0.03, 0.03, 0.03, 0.03, 0.03, 0.03, 0.04, 0.04, 0.03, 0.03, 0.04, 0.03, 0.04, 0.03, 0.04
0.16, 0.02, 0.0, 0.03, 0.02, 0.03, 0.02, 0.02, 0.04, 0.02, 0.02, 0.03, 0.02, 0.02, 0.02, 0.03, 0.13, 0.03, 0.03, 0.03, 0.03, 0.03, 0.03, 0.03, 0.03, 0.03, 0.03, 0.03, 0.03, 0.03, 0.03, 0.04, 0.03, 0.04, 0.03, 0.03, 0.03, 0.03, 0.03, 0.04, 0.03, 0.03, 0.03, 0.03, 0.03, 0.04, 0.03, 0.04, 0.03, 0.04, 0.03, 0.03, 0.03, 0.03, 0.03, 0.03, 0.04, 0.04, 0.03, 0.03, 0.03, 0.03, 0.03, 0.03
0.15, 0.02, 0.03, 0.0, 0.04, 0.02, 0.02, 0.02, 0.03, 0.02, 0.02, 0.03, 0.02, 0.02, 0.02, 0.03, 0.13, 0.02, 0.03, 0.03, 0.03, 0.03, 0.03, 0.03, 0.04, 0.03, 0.03, 0.03, 0.04, 0.03, 0.03, 0.03, 0.04, 0.03, 0.03, 0.04, 0.03, 0.03, 0.04, 0.03, 0.03, 0.03, 0.03, 0.04, 0.03, 0.03, 0.03, 0.03, 0.03, 0.03, 0.03, 0.03, 0.03, 0.03, 0.03, 0.03, 0.04, 0.03, 0.03, 0.03, 0.03, 0.03, 0.03, 0.04
0.15, 0.02, 0.02, 0.04, 0.0, 0.03, 0.02, 0.02, 0.03, 0.03, 0.03, 0.03, 0.02, 0.03, 0.03, 0.03, 0.12, 0.03, 0.03, 0.03, 0.03, 0.03, 0.03, 0.03, 0.04, 0.03, 0.03, 0.03, 0.04, 0.03, 0.03, 0.03, 0.03, 0.03, 0.02, 0.03, 0.02, 0.03, 0.03, 0.03, 0.03, 0.03, 0.03, 0.03, 0.03, 0.03, 0.03, 0.03, 0.04, 0.03, 0.03, 0.03, 0.03, 0.03, 0.03, 0.03, 0.03, 0.03, 0.03, 0.03, 0.03, 0.03, 0.03, 0.04
0.15, 0.03, 0.03, 0.02, 0.03, 0.0, 0.03, 0.03, 0.03, 0.02, 0.02, 0.02, 0.02, 0.02, 0.02, 0.03, 0.13, 0.03, 0.04, 0.03, 0.04, 0.03, 0.03, 0.03, 0.04, 0.03, 0.03, 0.03, 0.03, 0.03, 0.03, 0.04, 0.03, 0.03, 0.03, 0.04, 0.04, 0.04, 0.03, 0.03, 0.03, 0.04, 0.03, 0.04, 0.03, 0.03, 0.03, 0.04, 0.04, 0.03, 0.03, 0.03, 0.03, 0.03, 0.04, 0.04, 0.03, 0.03, 0.03, 0.03, 0.03, 0.03, 0.03, 0.03
0.15, 0.02, 0.02, 0.02, 0.02, 0.03, 0.0, 0.03, 0.03, 0.02, 0.02, 0.03, 0.02, 0.03, 0.02, 0.03, 0.12, 0.03, 0.03, 0.03, 0.03, 0.03, 0.04, 0.03, 0.03, 0.04, 0.03, 0.03, 0.03, 0.03, 0.03, 0.03, 0.03, 0.03, 0.03, 0.03, 0.03, 0.03, 0.03, 0.03, 0.03, 0.03, 0.04, 0.03, 0.03, 0.03, 0.03, 0.03, 0.03, 0.03, 0.03, 0.03, 0.03, 0.03, 0.03, 0.03, 0.03, 0.03, 0.03, 0.03, 0.03, 0.03, 0.03, 0.03
0.15, 0.02, 0.02, 0.02, 0.02, 0.03, 0.03, 0.0, 0.03, 0.02, 0.03, 0.03, 0.02, 0.02, 0.02, 0.03, 0.13, 0.03, 0.03, 0.03, 0.03, 0.03, 0.03, 0.03, 0.03, 0.03, 0.03, 0.03, 0.03, 0.03, 0.03, 0.04, 0.04, 0.03, 0.03, 0.03, 0.03, 0.03, 0.03, 0.03, 0.03, 0.03, 0.03, 0.03, 0.03, 0.03, 0.03, 0.03, 0.03, 0.03, 0.03, 0.03, 0.03, 0.03, 0.03, 0.03, 0.03, 0.03, 0.03, 0.03, 0.03, 0.03, 0.03, 0.03
0.16, 0.03, 0.04, 0.03, 0.03, 0.03, 0.03, 0.03, 0.0, 0.03, 0.04, 0.02, 0.03, 0.02, 0.03, 0.03, 0.11, 0.03, 0.04, 0.04, 0.03, 0.04, 0.04, 0.03, 0.03, 0.04, 0.03, 0.04, 0.03, 0.04, 0.04, 0.03, 0.04, 0.04, 0.04, 0.03, 0.03, 0.03, 0.03, 0.03, 0.04, 0.03, 0.03, 0.04, 0.03, 0.04, 0.03, 0.04, 0.03, 0.03, 0.03, 0.04, 0.03, 0.04, 0.03, 0.03, 0.03, 0.03, 0.03, 0.03, 0.03, 0.03, 0.03, 0.03
0.15, 0.03, 0.02, 0.02, 0.03, 0.02, 0.02, 0.02, 0.03, 0.0, 0.03, 0.03, 0.02, 0.02, 0.03, 0.02, 0.11, 0.03, 0.03, 0.03, 0.03, 0.03, 0.03, 0.03, 0.03, 0.03, 0.03, 0.03, 0.04, 0.04, 0.03, 0.04, 0.03, 0.03, 0.03, 0.03, 0.03, 0.03, 0.03, 0.03, 0.03, 0.03, 0.03, 0.03, 0.03, 0.03, 0.03, 0.03, 0.03, 0.03, 0.02, 0.03, 0.03, 0.02, 0.03, 0.03, 0.03, 0.03, 0.03, 0.03, 0.03, 0.03, 0.03, 0.03
0.15, 0.02, 0.02, 0.02, 0.03, 0.02, 0.02, 0.03, 0.04, 0.03, 0.0, 0.02, 0.02, 0.02, 0.02, 0.03, 0.12, 0.03, 0.03, 0.03, 0.03, 0.03, 0.03, 0.03, 0.03, 0.03, 0.03, 0.03, 0.03, 0.03, 0.03, 0.03, 0.03, 0.03, 0.03, 0.04, 0.03, 0.03, 0.02, 0.03, 0.03, 0.03, 0.03, 0.03, 0.03, 0.03, 0.03, 0.03, 0.03, 0.03, 0.03, 0.03, 0.03, 0.03, 0.03, 0.03, 0.04, 0.03, 0.03, 0.03, 0.03, 0.03, 0.03, 0.03
0.15, 0.03, 0.03, 0.03, 0.03, 0.02, 0.03, 0.03, 0.02, 0.03, 0.02, 0.0, 0.03, 0.02, 0.02, 0.03, 0.13, 0.03, 0.03, 0.03, 0.03, 0.03, 0.04, 0.03, 0.03, 0.03, 0.03, 0.03, 0.03, 0.04, 0.03, 0.03, 0.04, 0.03, 0.03, 0.03, 0.03, 0.04, 0.03, 0.03, 0.03, 0.04, 0.03, 0.03, 0.04, 0.03, 0.03, 0.03, 0.04, 0.03, 0.03, 0.03, 0.03, 0.03, 0.03, 0.03, 0.04, 0.03, 0.03, 0.04, 0.03, 0.04, 0.03, 0.03
0.13, 0.02, 0.02, 0.02, 0.02, 0.02, 0.02, 0.02, 0.03, 0.02, 0.02, 0.03, 0.0, 0.03, 0.02, 0.03, 0.11, 0.03, 0.03, 0.03, 0.04, 0.03, 0.03, 0.03, 0.04, 0.04, 0.03, 0.04, 0.04, 0.04, 0.04, 0.04, 0.03, 0.03, 0.03, 0.04, 0.03, 0.03, 0.04, 0.03, 0.03, 0.03, 0.04, 0.04, 0.03, 0.03, 0.03, 0.04, 0.04, 0.03, 0.03, 0.04, 0.03, 0.03, 0.03, 0.03, 0.04, 0.03, 0.03, 0.03, 0.03, 0.03, 0.03, 0.04
0.13, 0.02, 0.02, 0.02, 0.03, 0.02, 0.03, 0.02, 0.02, 0.02, 0.02, 0.02, 0.03, 0.0, 0.03, 0.03, 0.12, 0.03, 0.04, 0.03, 0.03, 0.03, 0.03, 0.03, 0.03, 0.03, 0.03, 0.03, 0.03, 0.04, 0.03, 0.03, 0.03, 0.03, 0.03, 0.03, 0.03, 0.03, 0.03, 0.03, 0.03, 0.03, 0.03, 0.03, 0.03, 0.03, 0.03, 0.03, 0.03, 0.03, 0.03, 0.03, 0.03, 0.03, 0.03, 0.03, 0.03, 0.03, 0.03, 0.03, 0.03, 0.03, 0.03, 0.03
0.14, 0.02, 0.02, 0.02, 0.03, 0.02, 0.02, 0.02, 0.03, 0.03, 0.02, 0.02, 0.02, 0.03, 0.0, 0.02, 0.11, 0.03, 0.03, 0.03, 0.03, 0.03, 0.04, 0.03, 0.03, 0.03, 0.03, 0.04, 0.04, 0.04, 0.04, 0.05, 0.03, 0.04, 0.03, 0.04, 0.04, 0.04, 0.04, 0.04, 0.03, 0.04, 0.04, 0.03, 0.03, 0.04, 0.03, 0.04, 0.04, 0.04, 0.04, 0.04, 0.03, 0.04, 0.04, 0.03, 0.05, 0.04, 0.04, 0.04, 0.04, 0.04, 0.03, 0.04
0.13, 0.03, 0.03, 0.03, 0.03, 0.03, 0.03, 0.03, 0.03, 0.02, 0.03, 0.03, 0.03, 0.03, 0.02, 0.0, 0.13, 0.04, 0.05, 0.05, 0.04, 0.04, 0.04, 0.04, 0.04, 0.04, 0.03, 0.04, 0.04, 0.03, 0.03, 0.03, 0.04, 0.03, 0.03, 0.03, 0.03, 0.03, 0.03, 0.03, 0.03, 0.03, 0.03, 0.03, 0.03, 0.03, 0.03, 0.03, 0.03, 0.03, 0.03, 0.03, 0.03, 0.03, 0.03, 0.03, 0.03, 0.03, 0.03, 0.03, 0.03, 0.04, 0.03, 0.03
0.34, 0.13, 0.13, 0.13, 0.12, 0.13, 0.12, 0.13, 0.11, 0.11, 0.12, 0.13, 0.11, 0.12, 0.11, 0.13, 0.0, 0.26, 0.12, 0.11, 0.11, 0.12, 0.12, 0.11, 0.12, 0.11, 0.12, 0.11, 0.12, 0.11, 0.12, 0.11, 0.03, 0.03, 0.03, 0.03, 0.02, 0.03, 0.03, 0.03, 0.03, 0.03, 0.03, 0.03, 0.03, 0.03, 0.03, 0.03, 0.03, 0.03, 0.03, 0.03, 0.03, 0.03, 0.03, 0.03, 0.03, 0.03, 0.03, 0.03, 0.03, 0.03, 0.03, 0.03
0.15, 0.03, 0.03, 0.02, 0.03, 0.03, 0.03, 0.03, 0.03, 0.03, 0.03, 0.03, 0.03, 0.03, 0.03, 0.04, 0.26, 0.0, 0.02, 0.03, 0.03, 0.03, 0.03, 0.03, 0.03, 0.03, 0.03, 0.04, 0.03, 0.03, 0.03, 0.03, 0.03, 0.03, 0.03, 0.03, 0.03, 0.03, 0.03, 0.03, 0.03, 0.03, 0.03, 0.03, 0.03, 0.03, 0.03, 0.03, 0.02, 0.03, 0.03, 0.03, 0.03, 0.03, 0.03, 0.03, 0.03, 0.03, 0.03, 0.03, 0.03, 0.03, 0.02, 0.03
0.14, 0.04, 0.03, 0.03, 0.03, 0.04, 0.03, 0.03, 0.04, 0.03, 0.03, 0.03, 0.03, 0.04, 0.03, 0.05, 0.12, 0.02, 0.0, 0.02, 0.02, 0.03, 0.02, 0.03, 0.03, 0.03, 0.03, 0.03, 0.02, 0.03, 0.03, 0.03, 0.03, 0.03, 0.03, 0.03, 0.03, 0.03, 0.03, 0.03, 0.03, 0.03, 0.03, 0.03, 0.03, 0.03, 0.03, 0.03, 0.03, 0.03, 0.03, 0.03, 0.03, 0.03, 0.02, 0.03, 0.03, 0.02, 0.03, 0.03, 0.03, 0.03, 0.03, 0.03
0.13, 0.03, 0.03, 0.03, 0.03, 0.03, 0.03, 0.03, 0.04, 0.03, 0.03, 0.03, 0.03, 0.03, 0.03, 0.05, 0.11, 0.03, 0.02, 0.0, 0.03, 0.03, 0.02, 0.03, 0.03, 0.02, 0.03, 0.03, 0.02, 0.03, 0.02, 0.03, 0.02, 0.03, 0.03, 0.03, 0.03, 0.03, 0.03, 0.03, 0.03, 0.03, 0.03, 0.03, 0.03, 0.03, 0.03, 0.03, 0.03, 0.03, 0.03, 0.03, 0.03, 0.03, 0.03, 0.03, 0.03, 0.03, 0.03, 0.03, 0.03, 0.03, 0.03, 0.03
0.14, 0.03, 0.03, 0.03, 0.03, 0.04, 0.03, 0.03, 0.03, 0.03, 0.03, 0.03, 0.04, 0.03, 0.03, 0.04, 0.11, 0.03, 0.02, 0.03, 0.0, 0.03, 0.02, 0.03, 0.03, 0.03, 0.03, 0.03, 0.03, 0.03, 0.02, 0.03, 0.03, 0.03, 0.03, 0.02, 0.03, 0.03, 0.03, 0.03, 0.03, 0.03, 0.03, 0.03, 0.03, 0.03, 0.03, 0.03, 0.03, 0.03, 0.03, 0.02, 0.03, 0.03, 0.02, 0.03, 0.03, 0.03, 0.03, 0.03, 0.03, 0.03, 0.03, 0.03
0.14, 0.03, 0.03, 0.03, 0.03, 0.03, 0.03, 0.03, 0.04, 0.03, 0.03, 0.03, 0.03, 0.03, 0.03, 0.04, 0.12, 0.03, 0.03, 0.03, 0.03, 0.0, 0.03, 0.02, 0.03, 0.03, 0.03, 0.03, 0.02, 0.03, 0.03, 0.03, 0.03, 0.03, 0.03, 0.03, 0.03, 0.03, 0.03, 0.03, 0.03, 0.03, 0.03, 0.03, 0.03, 0.03, 0.03, 0.03, 0.03, 0.03, 0.03, 0.03, 0.03, 0.03, 0.03, 0.03, 0.02, 0.03, 0.03, 0.03, 0.03, 0.03, 0.03, 0.03
0.14, 0.03, 0.03, 0.03, 0.03, 0.03, 0.04, 0.03, 0.04, 0.03, 0.03, 0.04, 0.03, 0.03, 0.04, 0.04, 0.12, 0.03, 0.02, 0.02, 0.02, 0.03, 0.0, 0.02, 0.03, 0.03, 0.03, 0.03, 0.03, 0.03, 0.03, 0.03, 0.03, 0.03, 0.03, 0.03, 0.03, 0.03, 0.02, 0.03, 0.03, 0.03, 0.03, 0.03, 0.03, 0.03, 0.03, 0.03, 0.03, 0.03, 0.03, 0.03, 0.03, 0.03, 0.02, 0.03, 0.03, 0.03, 0.03, 0.03, 0.03, 0.03, 0.03, 0.03
0.14, 0.03, 0.03, 0.03, 0.03, 0.03, 0.03, 0.03, 0.03, 0.03, 0.03, 0.03, 0.03, 0.03, 0.03, 0.04, 0.11, 0.03, 0.03, 0.03, 0.03, 0.02, 0.02, 0.0, 0.03, 0.03, 0.03, 0.03, 0.02, 0.03, 0.02, 0.03, 0.03, 0.03, 0.03, 0.03, 0.03, 0.03, 0.03, 0.03, 0.03, 0.03, 0.03, 0.03, 0.02, 0.03, 0.03, 0.03, 0.03, 0.03, 0.03, 0.03, 0.03, 0.03, 0.03, 0.03, 0.03, 0.03, 0.03, 0.03, 0.02, 0.03, 0.03, 0.03
0.14, 0.04, 0.03, 0.04, 0.04, 0.04, 0.03, 0.03, 0.03, 0.03, 0.03, 0.03, 0.04, 0.03, 0.03, 0.04, 0.12, 0.03, 0.03, 0.03, 0.03, 0.03, 0.03, 0.03, 0.0, 0.03, 0.03, 0.03, 0.02, 0.03, 0.02, 0.03, 0.03, 0.03, 0.03, 0.03, 0.03, 0.03, 0.03, 0.03, 0.03, 0.03, 0.03, 0.03, 0.03, 0.03, 0.03, 0.03, 0.03, 0.03, 0.03, 0.03, 0.03, 0.03, 0.03, 0.03, 0.03, 0.03, 0.03, 0.03, 0.02, 0.03, 0.03, 0.03
0.14, 0.03, 0.03, 0.03, 0.03, 0.03, 0.04, 0.03, 0.04, 0.03, 0.03, 0.03, 0.04, 0.03, 0.03, 0.04, 0.11, 0.03, 0.03, 0.02, 0.03, 0.03, 0.03, 0.03, 0.03, 0.0, 0.03, 0.02, 0.03, 0.03, 0.02, 0.03, 0.03, 0.03, 0.03, 0.03, 0.03, 0.03, 0.03, 0.03, 0.03, 0.03, 0.03, 0.03, 0.03, 0.03, 0.03, 0.03, 0.03, 0.03, 0.03, 0.03, 0.03, 0.03, 0.03, 0.02, 0.03, 0.03, 0.03, 0.03, 0.03, 0.03, 0.03, 0.03
0.14, 0.03, 0.03, 0.03, 0.03, 0.03, 0.03, 0.03, 0.03, 0.03, 0.03, 0.03, 0.03, 0.03, 0.03, 0.03, 0.12, 0.03, 0.03, 0.03, 0.03, 0.03, 0.03, 0.03, 0.03, 0.03, 0.0, 0.03, 0.03, 0.03, 0.02, 0.03, 0.03, 0.04, 0.03, 0.03, 0.03, 0.03, 0.03, 0.03, 0.03, 0.03, 0.03, 0.02, 0.03, 0.03, 0.03, 0.03, 0.03, 0.03, 0.03, 0.02, 0.03, 0.03, 0.03, 0.03, 0.03, 0.03, 0.03, 0.03, 0.03, 0.03, 0.03, 0.03
0.13, 0.03, 0.03, 0.03, 0.03, 0.03, 0.03, 0.03, 0.04, 0.03, 0.03, 0.03, 0.04, 0.03, 0.04, 0.04, 0.11, 0.04, 0.03, 0.03, 0.03, 0.03, 0.03, 0.03, 0.03, 0.02, 0.03, 0.0, 0.02, 0.03, 0.03, 0.03, 0.03, 0.03, 0.03, 0.03, 0.03, 0.03, 0.03, 0.03, 0.03, 0.02, 0.03, 0.03, 0.03, 0.03, 0.03, 0.03, 0.03, 0.03, 0.03, 0.03, 0.03, 0.03, 0.03, 0.03, 0.03, 0.03, 0.03, 0.03, 0.03, 0.03, 0.02, 0.03
0.14, 0.03, 0.03, 0.04, 0.04, 0.03, 0.03, 0.03, 0.03, 0.04, 0.03, 0.03, 0.04, 0.03, 0.04, 0.04, 0.12, 0.03, 0.02, 0.02, 0.03, 0.02, 0.03, 0.02, 0.02, 0.03, 0.03, 0.02, 0.0, 0.03, 0.02, 0.03, 0.03, 0.03, 0.03, 0.03, 0.03, 0.03, 0.03, 0.03, 0.03, 0.03, 0.03, 0.03, 0.03, 0.03, 0.03, 0.02, 0.03, 0.03, 0.03, 0.03, 0.03, 0.03, 0.03, 0.03, 0.03, 0.03, 0.03, 0.03, 0.03, 0.03, 0.03, 0.03
0.13, 0.03, 0.03, 0.03, 0.03, 0.03, 0.03, 0.03, 0.04, 0.04, 0.03, 0.04, 0.04, 0.04, 0.04, 0.03, 0.11, 0.03, 0.03, 0.03, 0.03, 0.03, 0.03, 0.03, 0.03, 0.03, 0.03, 0.03, 0.03, 0.0, 0.03, 0.02, 0.03, 0.03, 0.03, 0.03, 0.03, 0.03, 0.03, 0.03, 0.03, 0.03, 0.03, 0.03, 0.03, 0.03, 0.03, 0.03, 0.03, 0.03, 0.03, 0.03, 0.03, 0.03, 0.03, 0.03, 0.03, 0.03, 0.03, 0.03, 0.03, 0.03, 0.03, 0.03
0.14, 0.04, 0.03, 0.03, 0.03, 0.03, 0.03, 0.03, 0.04, 0.03, 0.03, 0.03, 0.04, 0.03, 0.04, 0.03, 0.12, 0.03, 0.03, 0.02, 0.02, 0.03, 0.03, 0.02, 0.02, 0.02, 0.02, 0.03, 0.02, 0.03, 0.0, 0.03, 0.03, 0.03, 0.03, 0.03, 0.03, 0.03, 0.03, 0.03, 0.03, 0.03, 0.03, 0.02, 0.03, 0.03, 0.03, 0.03, 0.03, 0.03, 0.03, 0.03, 0.03, 0.03, 0.03, 0.03, 0.03, 0.03, 0.03, 0.03, 0.03, 0.03, 0.03, 0.03
0.14, 0.03, 0.04, 0.03, 0.03, 0.04, 0.03, 0.04, 0.03, 0.04, 0.03, 0.03, 0.04, 0.03, 0.05, 0.03, 0.11, 0.03, 0.03, 0.03, 0.03, 0.03, 0.03, 0.03, 0.03, 0.03, 0.03, 0.03, 0.03, 0.02, 0.03, 0.0, 0.03, 0.03, 0.03, 0.03, 0.03, 0.03, 0.03, 0.03, 0.02, 0.03, 0.03, 0.03, 0.02, 0.02, 0.03, 0.03, 0.02, 0.03, 0.03, 0.03, 0.03, 0.03, 0.02, 0.02, 0.03, 0.03, 0.03, 0.03, 0.03, 0.03, 0.03, 0.03
0.25, 0.03, 0.03, 0.04, 0.03, 0.03, 0.03, 0.04, 0.04, 0.03, 0.03, 0.04, 0.03, 0.03, 0.03, 0.04, 0.03, 0.03, 0.03, 0.02, 0.03, 0.03, 0.03, 0.03, 0.03, 0.03, 0.03, 0.03, 0.03, 0.03, 0.03, 0.03, 0.0, 0.26, 0.12, 0.11, 0.11, 0.11, 0.12, 0.11, 0.12, 0.11, 0.11, 0.11, 0.11, 0.11, 0.12, 0.11, 0.03, 0.03, 0.03, 0.03, 0.03, 0.03, 0.03, 0.03, 0.03, 0.03, 0.03, 0.03, 0.03, 0.03, 0.03, 0.03
0.14, 0.03, 0.04, 0.03, 0.03, 0.03, 0.03, 0.03, 0.04, 0.03, 0.03, 0.03, 0.03, 0.03, 0.04, 0.03, 0.03, 0.03, 0.03, 0.03, 0.03, 0.03, 0.03, 0.03, 0.03, 0.03, 0.04, 0.03, 0.03, 0.03, 0.03, 0.03, 0.26, 0.0, 0.02, 0.02, 0.03, 0.03, 0.02, 0.03, 0.03, 0.03, 0.03, 0.03, 0.02, 0.03, 0.03, 0.03, 0.03, 0.03, 0.03, 0.03, 0.03, 0.03, 0.03, 0.03, 0.03, 0.03, 0.03, 0.03, 0.03, 0.03, 0.03, 0.03
0.14, 0.03, 0.03, 0.03, 0.02, 0.03, 0.03, 0.03, 0.04, 0.03, 0.03, 0.03, 0.03, 0.03, 0.03, 0.03, 0.03, 0.03, 0.03, 0.03, 0.03, 0.03, 0.03, 0.03, 0.03, 0.03, 0.03, 0.03, 0.03, 0.03, 0.03, 0.03, 0.12, 0.02, 0.0, 0.03, 0.03, 0.03, 0.02, 0.03, 0.03, 0.03, 0.03, 0.03, 0.03, 0.03, 0.02, 0.03, 0.03, 0.03, 0.03, 0.03, 0.03, 0.03, 0.03, 0.03, 0.03, 0.03, 0.03, 0.03, 0.03, 0.03, 0.03, 0.02
0.14, 0.04, 0.03, 0.04, 0.03, 0.04, 0.03, 0.03, 0.03, 0.03, 0.04, 0.03, 0.04, 0.03, 0.04, 0.03, 0.03, 0.03, 0.03, 0.03, 0.02, 0.03, 0.03, 0.03, 0.03, 0.03, 0.03, 0.03, 0.03, 0.03, 0.03, 0.03, 0.11, 0.02, 0.03, 0.0, 0.03, 0.03, 0.02, 0.02, 0.02, 0.03, 0.03, 0.03, 0.02, 0.03, 0.02, 0.03, 0.03, 0.03, 0.03, 0.03, 0.03, 0.03, 0.03, 0.03, 0.03, 0.03, 0.03, 0.03, 0.03, 0.03, 0.03, 0.03
0.13, 0.03, 0.03, 0.03, 0.02, 0.04, 0.03, 0.03, 0.03, 0.03, 0.03, 0.03, 0.03, 0.03, 0.04, 0.03, 0.02, 0.03, 0.03, 0.03, 0.03, 0.03, 0.03, 0.03, 0.03, 0.03, 0.03, 0.03, 0.03, 0.03, 0.03, 0.03, 0.11, 0.03, 0.03, 0.03, 0.0, 0.02, 0.03, 0.03, 0.03, 0.03, 0.03, 0.03, 0.03, 0.03, 0.03, 0.03, 0.03, 0.03, 0.03, 0.03, 0.03, 0.03, 0.03, 0.03, 0.03, 0.03, 0.02, 0.03, 0.03, 0.03, 0.02, 0.03
0.14, 0.04, 0.03, 0.03, 0.03, 0.04, 0.03, 0.03, 0.03, 0.03, 0.03, 0.04, 0.03, 0.03, 0.04, 0.03, 0.03, 0.03, 0.03, 0.03, 0.03, 0.03, 0.03, 0.03, 0.03, 0.03, 0.03, 0.03, 0.03, 0.03, 0.03, 0.03, 0.11, 0.03, 0.03, 0.03, 0.02, 0.0, 0.03, 0.03, 0.03, 0.02, 0.03, 0.03, 0.02, 0.03, 0.02, 0.03, 0.03, 0.03, 0.03, 0.03, 0.03, 0.03, 0.03, 0.03, 0.04, 0.03, 0.03, 0.03, 0.03, 0.03, 0.03, 0.03
0.14, 0.03, 0.03, 0.04, 0.03, 0.03, 0.03, 0.03, 0.03, 0.03, 0.02, 0.03, 0.04, 0.03, 0.04, 0.03, 0.03, 0.03, 0.03, 0.03, 0.03, 0.03, 0.02, 0.03, 0.03, 0.03, 0.03, 0.03, 0.03, 0.03, 0.03, 0.03, 0.12, 0.02, 0.02, 0.02, 0.03, 0.03, 0.0, 0.03, 0.03, 0.03, 0.03, 0.03, 0.03, 0.03, 0.03, 0.03, 0.03, 0.03, 0.03, 0.03, 0.03, 0.03, 0.03, 0.03, 0.03, 0.03, 0.03, 0.03, 0.03, 0.03, 0.03, 0.03
0.13, 0.04, 0.04, 0.03, 0.03, 0.03, 0.03, 0.03, 0.03, 0.03, 0.03, 0.03, 0.03, 0.03, 0.04, 0.03, 0.03, 0.03, 0.03, 0.03, 0.03, 0.03, 0.03, 0.03, 0.03, 0.03, 0.03, 0.03, 0.03, 0.03, 0.03, 0.03, 0.11, 0.03, 0.03, 0.02, 0.03, 0.03, 0.03, 0.0, 0.03, 0.02, 0.03, 0.03, 0.03, 0.03, 0.02, 0.03, 0.03, 0.03, 0.03, 0.03, 0.03, 0.03, 0.03, 0.03, 0.03, 0.03, 0.03, 0.03, 0.03, 0.03, 0.03, 0.03
0.14, 0.03, 0.03, 0.03, 0.03, 0.03, 0.03, 0.03, 0.04, 0.03, 0.03, 0.03, 0.03, 0.03, 0.03, 0.03, 0.03, 0.03, 0.03, 0.03, 0.03, 0.03, 0.03, 0.03, 0.03, 0.03, 0.03, 0.03, 0.03, 0.03, 0.03, 0.02, 0.12, 0.03, 0.03, 0.02, 0.03, 0.03, 0.03, 0.03, 0.0, 0.03, 0.03, 0.03, 0.02, 0.03, 0.02, 0.03, 0.03, 0.03, 0.03, 0.03, 0.03, 0.03, 0.03, 0.03, 0.03, 0.03, 0.03, 0.03, 0.03, 0.03, 0.03, 0.03
0.14, 0.04, 0.03, 0.03, 0.03, 0.04, 0.03, 0.03, 0.03, 0.03, 0.03, 0.04, 0.03, 0.03, 0.04, 0.03, 0.03, 0.03, 0.03, 0.03, 0.03, 0.03, 0.03, 0.03, 0.03, 0.03, 0.03, 0.02, 0.03, 0.03, 0.03, 0.03, 0.11, 0.03, 0.03, 0.03, 0.03, 0.02, 0.03, 0.02, 0.03, 0.0, 0.03, 0.03, 0.02, 0.03, 0.03, 0.03, 0.03, 0.03, 0.03, 0.03, 0.03, 0.03, 0.03, 0.03, 0.03, 0.03, 0.03, 0.03, 0.03, 0.03, 0.03, 0.03
0.14, 0.04, 0.03, 0.03, 0.03, 0.03, 0.04, 0.03, 0.03, 0.03, 0.03, 0.03, 0.04, 0.03, 0.04, 0.03, 0.03, 0.03, 0.03, 0.03, 0.03, 0.03, 0.03, 0.03, 0.03, 0.03, 0.03, 0.03, 0.03, 0.03, 0.03, 0.03, 0.11, 0.03, 0.03, 0.03, 0.03, 0.03, 0.03, 0.03, 0.03, 0.03, 0.0, 0.03, 0.03, 0.03, 0.03, 0.03, 0.03, 0.03, 0.03, 0.03, 0.03, 0.03, 0.03, 0.03, 0.03, 0.03, 0.03, 0.03, 0.03, 0.03, 0.03, 0.03
0.14, 0.04, 0.03, 0.04, 0.03, 0.04, 0.03, 0.03, 0.04, 0.03, 0.03, 0.03, 0.04, 0.03, 0.03, 0.03, 0.03, 0.03, 0.03, 0.03, 0.03, 0.03, 0.03, 0.03, 0.03, 0.03, 0.02, 0.03, 0.03, 0.03, 0.02, 0.03, 0.11, 0.03, 0.03, 0.03, 0.03, 0.03, 0.03, 0.03, 0.03, 0.03, 0.03, 0.0, 0.03, 0.03, 0.02, 0.03, 0.03, 0.03, 0.03, 0.03, 0.03, 0.03, 0.03, 0.02, 0.03, 0.03, 0.03, 0.03, 0.03, 0.03, 0.03, 0.03
0.15, 0.03, 0.03, 0.03, 0.03, 0.03, 0.03, 0.03, 0.03, 0.03, 0.03, 0.04, 0.03, 0.03, 0.03, 0.03, 0.03, 0.03, 0.03, 0.03, 0.03, 0.03, 0.03, 0.02, 0.03, 0.03, 0.03, 0.03, 0.03, 0.03, 0.03, 0.02, 0.11, 0.02, 0.03, 0.02, 0.03, 0.02, 0.03, 0.03, 0.02, 0.02, 0.03, 0.03, 0.0, 0.03, 0.02, 0.03, 0.02, 0.03, 0.03, 0.03, 0.03, 0.03, 0.03, 0.03, 0.03, 0.02, 0.03, 0.03, 0.03, 0.03, 0.03, 0.03
0.14, 0.04, 0.04, 0.03, 0.03, 0.03, 0.03, 0.03, 0.04, 0.03, 0.03, 0.03, 0.03, 0.03, 0.04, 0.03, 0.03, 0.03, 0.03, 0.03, 0.03, 0.03, 0.03, 0.03, 0.03, 0.03, 0.03, 0.03, 0.03, 0.03, 0.03, 0.02, 0.11, 0.03, 0.03, 0.03, 0.03, 0.03, 0.03, 0.03, 0.03, 0.03, 0.03, 0.03, 0.03, 0.0, 0.03, 0.02, 0.03, 0.03, 0.03, 0.03, 0.03, 0.03, 0.03, 0.03, 0.03, 0.03, 0.03, 0.03, 0.03, 0.03, 0.03, 0.03
0.14, 0.03, 0.03, 0.03, 0.03, 0.03, 0.03, 0.03, 0.03, 0.03, 0.03, 0.03, 0.03, 0.03, 0.03, 0.03, 0.03, 0.03, 0.03, 0.03, 0.03, 0.03, 0.03, 0.03, 0.03, 0.03, 0.03, 0.03, 0.03, 0.03, 0.03, 0.03, 0.12, 0.03, 0.02, 0.02, 0.03, 0.02, 0.03, 0.02, 0.02, 0.03, 0.03, 0.02, 0.02, 0.03, 0.0, 0.03, 0.03, 0.03, 0.03, 0.03, 0.03, 0.03, 0.02, 0.03, 0.03, 0.03, 0.03, 0.03, 0.03, 0.03, 0.03, 0.03
0.14, 0.03, 0.04, 0.03, 0.03, 0.04, 0.03, 0.03, 0.04, 0.03, 0.03, 0.03, 0.04, 0.03, 0.04, 0.03, 0.03, 0.03, 0.03, 0.03, 0.03, 0.03, 0.03, 0.03, 0.03, 0.03, 0.03, 0.03, 0.02, 0.03, 0.03, 0.03, 0.11, 0.03, 0.03, 0.03, 0.03, 0.03, 0.03, 0.03, 0.03, 0.03, 0.03, 0.03, 0.03, 0.02, 0.03, 0.0, 0.03, 0.03, 0.03, 0.03, 0.02, 0.03, 0.03, 0.03, 0.03, 0.02, 0.03, 0.02, 0.03, 0.02, 0.02, 0.03
0.25, 0.04, 0.03, 0.03, 0.04, 0.04, 0.03, 0.03, 0.03, 0.03, 0.03, 0.04, 0.04, 0.03, 0.04, 0.03, 0.03, 0.02, 0.03, 0.03, 0.03, 0.03, 0.03, 0.03, 0.03, 0.03, 0.03, 0.03, 0.03, 0.03, 0.03, 0.02, 0.03, 0.03, 0.03, 0.03, 0.03, 0.03, 0.03, 0.03, 0.03, 0.03, 0.03, 0.03, 0.02, 0.03, 0.03, 0.03, 0.0, 0.26, 0.12, 0.11, 0.11, 0.11, 0.12, 0.11, 0.12, 0.11, 0.12, 0.11, 0.12, 0.11, 0.12, 0.11
0.14, 0.03, 0.04, 0.03, 0.03, 0.03, 0.03, 0.03, 0.03, 0.03, 0.03, 0.03, 0.03, 0.03, 0.04, 0.03, 0.03, 0.03, 0.03, 0.03, 0.03, 0.03, 0.03, 0.03, 0.03, 0.03, 0.03, 0.03, 0.03, 0.03, 0.03, 0.03, 0.03, 0.03, 0.03, 0.03, 0.03, 0.03, 0.03, 0.03, 0.03, 0.03, 0.03, 0.03, 0.03, 0.03, 0.03, 0.03, 0.26, 0.0, 0.03, 0.02, 0.03, 0.03, 0.03, 0.03, 0.03, 0.03, 0.03, 0.03, 0.03, 0.03, 0.03, 0.03
0.14, 0.03, 0.03, 0.03, 0.03, 0.03, 0.03, 0.03, 0.03, 0.02, 0.03, 0.03, 0.03, 0.03, 0.04, 0.03, 0.03, 0.03, 0.03, 0.03, 0.03, 0.03, 0.03, 0.03, 0.03, 0.03, 0.03, 0.03, 0.03, 0.03, 0.03, 0.03, 0.03, 0.03, 0.03, 0.03, 0.03, 0.03, 0.03, 0.03, 0.03, 0.03, 0.03, 0.03, 0.03, 0.03, 0.03, 0.03, 0.12, 0.03, 0.0, 0.03, 0.03, 0.03, 0.03, 0.03, 0.03, 0.03, 0.03, 0.03, 0.02, 0.03, 0.02, 0.03
0.13, 0.03, 0.03, 0.03, 0.03, 0.03, 0.03, 0.03, 0.04, 0.03, 0.03, 0.03, 0.04, 0.03, 0.04, 0.03, 0.03, 0.03, 0.03, 0.03, 0.02, 0.03, 0.03, 0.03, 0.03, 0.03, 0.02, 0.03, 0.03, 0.03, 0.03, 0.03, 0.03, 0.03, 0.03, 0.03, 0.03, 0.03, 0.03, 0.03, 0.03, 0.03, 0.03, 0.03, 0.03, 0.03, 0.03, 0.03, 0.11, 0.02, 0.03, 0.0, 0.03, 0.03, 0.02, 0.02, 0.03, 0.02, 0.02, 0.02, 0.03, 0.02, 0.02, 0.03
0.14, 0.03, 0.03, 0.03, 0.03, 0.03, 0.03, 0.03, 0.03, 0.03, 0.03, 0.03, 0.03, 0.03, 0.03, 0.03, 0.03, 0.03, 0.03, 0.03, 0.03, 0.03, 0.03, 0.03, 0.03, 0.03, 0.03, 0.03, 0.03, 0.03, 0.03, 0.03, 0.03, 0.03, 0.03, 0.03, 0.03, 0.03, 0.03, 0.03, 0.03, 0.03, 0.03, 0.03, 0.03, 0.03, 0.03, 0.02, 0.11, 0.03, 0.03, 0.03, 0.0, 0.03, 0.02, 0.03, 0.03, 0.03, 0.03, 0.03, 0.03, 0.03, 0.02, 0.03
0.14, 0.03, 0.03, 0.03, 0.03, 0.03, 0.03, 0.03, 0.04, 0.02, 0.03, 0.03, 0.03, 0.03, 0.04, 0.03, 0.03, 0.03, 0.03, 0.03, 0.03, 0.03, 0.03, 0.03, 0.03, 0.03, 0.03, 0.03, 0.03, 0.03, 0.03, 0.03, 0.03, 0.03, 0.03, 0.03, 0.03, 0.03, 0.03, 0.03, 0.03, 0.03, 0.03, 0.03, 0.03, 0.03, 0.03, 0.03, 0.11, 0.03, 0.03, 0.03, 0.03, 0.0, 0.03, 0.03, 0.03, 0.03, 0.03, 0.03, 0.02, 0.03, 0.02, 0.03
0.14, 0.03, 0.03, 0.03, 0.03, 0.04, 0.03, 0.03, 0.03, 0.03, 0.03, 0.03, 0.03, 0.03, 0.04, 0.03, 0.03, 0.03, 0.02, 0.03, 0.02, 0.03, 0.02, 0.03, 0.03, 0.03, 0.03, 0.03, 0.03, 0.03, 0.03, 0.02, 0.03, 0.03, 0.03, 0.03, 0.03, 0.03, 0.03, 0.03, 0.03, 0.03, 0.03, 0.03, 0.03, 0.03, 0.02, 0.03, 0.12, 0.03, 0.03, 0.02, 0.02, 0.03, 0.0, 0.02, 0.03, 0.03, 0.03, 0.03, 0.02, 0.03, 0.02, 0.03
0.13, 0.04, 0.03, 0.03, 0.03, 0.04, 0.03, 0.03, 0.03, 0.03, 0.03, 0.03, 0.03, 0.03, 0.03, 0.03, 0.03, 0.03, 0.03, 0.03, 0.03, 0.03, 0.03, 0.03, 0.03, 0.02, 0.03, 0.03, 0.03, 0.03, 0.03, 0.02, 0.03, 0.03, 0.03, 0.03, 0.03, 0.03, 0.03, 0.03, 0.03, 0.03, 0.03, 0.02, 0.03, 0.03, 0.03, 0.03, 0.11, 0.03, 0.03, 0.02, 0.03, 0.03, 0.02, 0.0, 0.03, 0.03, 0.03, 0.03, 0.03, 0.03, 0.02, 0.03
0.14, 0.04, 0.04, 0.04, 0.03, 0.03, 0.03, 0.03, 0.03, 0.03, 0.04, 0.04, 0.04, 0.03, 0.05, 0.03, 0.03, 0.03, 0.03, 0.03, 0.03, 0.02, 0.03, 0.03, 0.03, 0.03, 0.03, 0.03, 0.03, 0.03, 0.03, 0.03, 0.03, 0.03, 0.03, 0.03, 0.03, 0.04, 0.03, 0.03, 0.03, 0.03, 0.03, 0.03, 0.03, 0.03, 0.03, 0.03, 0.12, 0.03, 0.03, 0.03, 0.03, 0.03, 0.03, 0.03, 0.0, 0.03, 0.03, 0.02, 0.03, 0.02, 0.02, 0.02
0.13, 0.03, 0.04, 0.03, 0.03, 0.03, 0.03, 0.03, 0.03, 0.03, 0.03, 0.03, 0.03, 0.03, 0.04, 0.03, 0.03, 0.03, 0.02, 0.03, 0.03, 0.03, 0.03, 0.03, 0.03, 0.03, 0.03, 0.03, 0.03, 0.03, 0.03, 0.03, 0.03, 0.03, 0.03, 0.03, 0.03, 0.03, 0.03, 0.03, 0.03, 0.03, 0.03, 0.03, 0.02, 0.03, 0.03, 0.02, 0.11, 0.03, 0.03, 0.02, 0.03, 0.03, 0.03, 0.03, 0.03, 0.0, 0.02, 0.02, 0.03, 0.03, 0.02, 0.03
0.13, 0.03, 0.03, 0.03, 0.03, 0.03, 0.03, 0.03, 0.03, 0.03, 0.03, 0.03, 0.03, 0.03, 0.04, 0.03, 0.03, 0.03, 0.03, 0.03, 0.03, 0.03, 0.03, 0.03, 0.03, 0.03, 0.03, 0.03, 0.03, 0.03, 0.03, 0.03, 0.03, 0.03, 0.03, 0.03, 0.02, 0.03, 0.03, 0.03, 0.03, 0.03, 0.03, 0.03, 0.03, 0.03, 0.03, 0.03, 0.12, 0.03, 0.03, 0.02, 0.03, 0.03, 0.03, 0.03, 0.03, 0.02, 0.0, 0.03, 0.03, 0.03, 0.03, 0.03
0.14, 0.04, 0.03, 0.03, 0.03, 0.03, 0.03, 0.03, 0.03, 0.03, 0.03, 0.04, 0.03, 0.03, 0.04, 0.03, 0.03, 0.03, 0.03, 0.03, 0.03, 0.03, 0.03, 0.03, 0.03, 0.03, 0.03, 0.03, 0.03, 0.03, 0.03, 0.03, 0.03, 0.03, 0.03, 0.03, 0.03, 0.03, 0.03, 0.03, 0.03, 0.03, 0.03, 0.03, 0.03, 0.03, 0.03, 0.02, 0.11, 0.03, 0.03, 0.02, 0.03, 0.03, 0.03, 0.03, 0.02, 0.02, 0.03, 0.0, 0.03, 0.03, 0.02, 0.03
0.13, 0.03, 0.03, 0.03, 0.03, 0.03, 0.03, 0.03, 0.03, 0.03, 0.03, 0.03, 0.03, 0.03, 0.04, 0.03, 0.03, 0.03, 0.03, 0.03, 0.03, 0.03, 0.03, 0.02, 0.02, 0.03, 0.03, 0.03, 0.03, 0.03, 0.03, 0.03, 0.03, 0.03, 0.03, 0.03, 0.03, 0.03, 0.03, 0.03, 0.03, 0.03, 0.03, 0.03, 0.03, 0.03, 0.03, 0.03, 0.12, 0.03, 0.02, 0.03, 0.03, 0.02, 0.02, 0.03, 0.03, 0.03, 0.03, 0.03, 0.0, 0.03, 0.02, 0.03
0.13, 0.04, 0.03, 0.03, 0.03, 0.03, 0.03, 0.03, 0.03, 0.03, 0.03, 0.04, 0.03, 0.03, 0.04, 0.04, 0.03, 0.03, 0.03, 0.03, 0.03, 0.03, 0.03, 0.03, 0.03, 0.03, 0.03, 0.03, 0.03, 0.03, 0.03, 0.03, 0.03, 0.03, 0.03, 0.03, 0.03, 0.03, 0.03, 0.03, 0.03, 0.03, 0.03, 0.03, 0.03, 0.03, 0.03, 0.02, 0.11, 0.03, 0.03, 0.02, 0.03, 0.03, 0.03, 0.03, 0.02, 0.03, 0.03, 0.03, 0.03, 0.0, 0.03, 0.02
0.14, 0.03, 0.03, 0.03, 0.03, 0.03, 0.03, 0.03, 0.03, 0.03, 0.03, 0.03, 0.03, 0.03, 0.03, 0.03, 0.03, 0.02, 0.03, 0.03, 0.03, 0.03, 0.03, 0.03, 0.03, 0.03, 0.03, 0.02, 0.03, 0.03, 0.03, 0.03, 0.03, 0.03, 0.03, 0.03, 0.02, 0.03, 0.03, 0.03, 0.03, 0.03, 0.03, 0.03, 0.03, 0.03, 0.03, 0.02, 0.12, 0.03, 0.02, 0.02, 0.02, 0.02, 0.02, 0.02, 0.02, 0.02, 0.03, 0.02, 0.02, 0.03, 0.0, 0.03
0.14, 0.04, 0.03, 0.04, 0.04, 0.03, 0.03, 0.03, 0.03, 0.03, 0.03, 0.03, 0.04, 0.03, 0.04, 0.03, 0.03, 0.03, 0.03, 0.03, 0.03, 0.03, 0.03, 0.03, 0.03, 0.03, 0.03, 0.03, 0.03, 0.03, 0.03, 0.03, 0.03, 0.03, 0.02, 0.03, 0.03, 0.03, 0.03, 0.03, 0.03, 0.03, 0.03, 0.03, 0.03, 0.03, 0.03, 0.03, 0.11, 0.03, 0.03, 0.03, 0.03, 0.03, 0.03, 0.03, 0.02, 0.03, 0.03, 0.03, 0.03, 0.02, 0.03, 0.0
